# W Re(E=0.1) Re(E=0.2) Re(E=0.5) Re(E=1.0) Re(E=2.0) Re(E=5.0) Im(E=0.1) Im(E=0.2) Im(E=0.5) Im(E=1.0) Im(E=2.0) Im(E=5.0)
1.000000000000000021e-02 9.954336657464836202e-01 9.824052668582694547e-01 9.042333893461185212e-01 7.314697532381934098e-01 4.847025510542823379e-01 2.289054046820198640e-01 9.910061972850402190e-03 9.655108244004610707e-03 8.255214789039840712e-03 5.797997941462369048e-03 3.280226808718906314e-03 1.359958457649228930e-03
1.122018454301963557e-02 9.954082356630085116e-01 9.823811036966640931e-01 9.042151776856032219e-01 7.314588803366409708e-01 4.846969173490094374e-01 2.289031522357398707e-01 1.111898956460854841e-02 1.083294666867636209e-02 9.262312099686358102e-03 6.505298831827031371e-03 3.680256889476160066e-03 1.525438657739537369e-03
1.258925411794167490e-02 9.953762229176176257e-01 9.823506857393433656e-01 9.041922519127519875e-01 7.314451940910269290e-01 4.846898285166044151e-01 2.289003246289744720e-01 1.247531196814488652e-02 1.215439465758771584e-02 1.039221500374581421e-02 7.298836810656882286e-03 4.129008575661846300e-03 1.710927088163510888e-03
1.412537544622754007e-02 9.953359241636444699e-01 9.823123944185656597e-01 9.041633922124877598e-01 7.314279671775076874e-01 4.846809098536943861e-01 2.288967773294006691e-01 1.399696595990964840e-02 1.363693115839418116e-02 1.165987553819766362e-02 8.189106965723972828e-03 4.632390288265193085e-03 1.918793925607161464e-03
1.584893192461113431e-02 9.952851956412789303e-01 9.822641926816716440e-01 9.041270633889182395e-01 7.314062846018328790e-01 4.846696908182302477e-01 2.288923306756520393e-01 1.570405710045679609e-02 1.530014764983864822e-02 1.308205676967034992e-02 9.187873723020857641e-03 5.197016697248433084e-03 2.151672194947556235e-03
1.778279410038922925e-02 9.952213395096238813e-01 9.822035168969838193e-01 9.040813334736421680e-01 7.313789954839988727e-01 4.846555808772965990e-01 2.288867619005766629e-01 1.761911619475358889e-02 1.716600176793694338e-02 1.467754826119803228e-02 1.030832113122789190e-02 5.830288935624879099e-03 2.412480904566614587e-03
1.995262314968879874e-02 9.951409609611496787e-01 9.821271410786091005e-01 9.040237714158586568e-01 7.313446525753111160e-01 4.846378394680599944e-01 2.288797955847165222e-01 1.976738368275113289e-02 1.925909311189653514e-02 1.646740556636834552e-02 1.156521962126919566e-02 6.540482525279732277e-03 2.704448296245907067e-03
2.238721138568339902e-02 9.950397886781972012e-01 9.820310062076514912e-01 9.039513185286014441e-01 7.313014364542483881e-01 4.846155387451173691e-01 2.288710923152448007e-01 2.217712398747224284e-02 2.160697100533420095e-02 1.847521575694273041e-02 1.297511050890440276e-02 7.336842898059306277e-03 3.031134900282896408e-03
2.511886431509579437e-02 9.949124493374579270e-01 9.819100058565763955e-01 9.038601272805411035e-01 7.312470606249312777e-01 4.845875174846207001e-01 2.288602353333049066e-01 2.487997153075731382e-02 2.424047306916496392e-02 2.072739086462912356e-02 1.455650937593861230e-02 8.229688422257082359e-03 3.396455352243133146e-03
2.818382931264453578e-02 9.947521845768512172e-01 9.817577170748853499e-01 9.037453578305525426e-01 7.311786528740517044e-01 4.845523243829945037e-01 2.288467149342375828e-01 2.791130954182650253e-02 2.719409634234579848e-02 2.325349078472756237e-02 1.633012949073836886e-02 9.230520498072474628e-03 3.804698981824198786e-03
3.162277660168379134e-02 9.945504960212364631e-01 9.815660628103107799e-01 9.036009249966424628e-01 7.310926071655581282e-01 4.845081484914809389e-01 2.288299104236401760e-01 3.131068180723350913e-02 3.050640133928818332e-02 2.608657674642100854e-02 1.831912428291215464e-02 1.035213983609628401e-02 4.260547589097760102e-03
3.548133892335755130e-02 9.942967005208143139e-01 9.813248888453474095e-01 9.034191791731367438e-01 7.309843992038885796e-01 4.844527344072140917e-01 2.288090694309605766e-01 3.512223596759388167e-02 3.422044802774538985e-02 2.926359540273697560e-02 2.054935191143194423e-02 1.160876725006921607e-02 4.769090615695108747e-03
3.981071705534973415e-02 9.939773737587671576e-01 9.810214342313807734e-01 9.031905080108487693e-01 7.308483572326273103e-01 4.843832794036950218e-01 2.287832842987751469e-01 3.939519102977870335e-02 3.838426055496043515e-02 3.282579233298981575e-02 2.304965686494555091e-02 1.301616690170796613e-02 5.335836825202592941e-03
4.466835921509629964e-02 9.935756543013649633e-01 9.806396694053636232e-01 9.029028385121721234e-01 7.306773781389859224e-01 4.842963097056087185e-01 2.287514653764513572e-01 4.418434187941516073e-02 4.305131432720924606e-02 3.681915154854752820e-02 2.585216850016627821e-02 1.459176947404441232e-02 5.966722391724649070e-03
5.011872336272724798e-02 9.930703773429776504e-01 9.801594705034974986e-01 9.025410160490207057e-01 7.304625769294407212e-01 4.841875323541020015e-01 2.287123108278993622e-01 4.955054139647818712e-02 4.828103432340413032e-02 4.129485450010397102e-02 2.899261238496560894e-02 1.635479009511765086e-02 6.668115210183842186e-03
5.623413251903491145e-02 9.924349959044924674e-01 9.795555918247336180e-01 9.020860316850051186e-01 7.301928559650265882e-01 4.840516598003368753e-01 2.286642726961279348e-01 5.556119960306588057e-02 5.413928670302822765e-02 4.630974758747623959e-02 3.251062552004351652e-02 1.832633883969031485e-02 7.446814736710919216e-03
6.309573444801933051e-02 9.916362441966343200e-01 9.787963910352502905e-01 9.015140633152511906e-01 7.298543780544234361e-01 4.838822033168728165e-01 2.286055188791904225e-01 6.229072756873060834e-02 6.069883605101017432e-02 5.192680232703036219e-02 3.645006586906177071e-02 2.052951500362065057e-02 8.310047964438026930e-03
7.079457843841380216e-02 9.906324874421124083e-01 9.778422538322808499e-01 9.007952911344873081e-01 7.294299255824122641e-01 4.836712322326831570e-01 2.285338907992993107e-01 6.982089714009609427e-02 6.803972692347932949e-02 5.821553397867956781e-02 4.085930503106290079e-02 2.298948193195430104e-02 9.265461193566719086e-03
7.943282347242813790e-02 9.893716956924691885e-01 9.766436570268857142e-01 8.998924381305064557e-01 7.288981254765968254e-01 4.834090954839345700e-01 2.284468563524233997e-01 7.824104861444976244e-02 7.624952933590727067e-02 6.525235795707810815e-02 4.579147954321646091e-02 2.573351391682336328e-02 1.032110925180185906e-02
8.912509381337459236e-02 9.877889732160436420e-01 9.751388025363558754e-01 8.987589848596129194e-01 7.282325205111802591e-01 4.830841021377831335e-01 2.283414573595604624e-01 8.764805309786299903e-02 8.542336172426762131e-02 7.312080741460523503e-02 5.130468048339291431e-02 2.879100839205851747e-02 1.148544430719940571e-02
1.000000000000000056e-01 9.858035732201486656e-01 9.732507516450895624e-01 8.973369980143429681e-01 7.274004629246340059e-01 4.826821578030275894e-01 2.282142502622739322e-01 9.814589868837333975e-02 9.566356960376680429e-02 8.191154955658606907e-02 5.746204068801383236e-02 3.219345715952854486e-02 1.276730534357774921e-02
1.122018454301963591e-01 9.833153337144076023e-01 9.708839924811432098e-01 8.955545127612030143e-01 7.263618076636400023e-01 4.821863534184236411e-01 2.280612388567958004e-01 1.098447199909393379e-01 1.070788912781550778e-01 9.172208806186130103e-02 6.433169275065020454e-02 3.597436850069758718e-02 1.417590669660705183e-02
1.258925411794167559e-01 9.802004902150081023e-01 9.679203893286447702e-01 8.933224045814281977e-01 7.250673867783672399e-01 4.815765028401701731e-01 2.278777983666276929e-01 1.228590266425388933e-01 1.197828811798523074e-01 1.026560104694146103e-01 7.198653167249352558e-02 4.016913440770823740e-02 1.572082369508571650e-02
1.412537544622754770e-01 9.763068637628363744e-01 9.642145011402593058e-01 8.905307098147983158e-01 7.234572387447758546e-01 4.808286248985561562e-01 2.276585905701958845e-01 1.373048073612241626e-01 1.338912838250983228e-01 1.148215799532853743e-01 8.050373463647181316e-02 4.481483713650752376e-02 1.741197471731388211e-02
1.584893192461114264e-01 9.714485013998466201e-01 9.595883065606348739e-01 8.870443540898130808e-01 7.214585779914752806e-01 4.799143650809095663e-01 2.273974685273388863e-01 1.532950929680245988e-01 1.495179682422212997e-01 1.283294208499324018e-01 8.996395899601039581e-02 4.994998600737765582e-02 1.925960497493789392e-02
1.778279410038922925e-01 9.653999785560035685e-01 9.538255414176761704e-01 8.826983161322230487e-01 7.189834874905371986e-01 4.788003503860256971e-01 2.270873683049193237e-01 1.709334615839706029e-01 1.667689075037448732e-01 1.432889684118586471e-01 1.004501348076015793e-01 5.561417975369895017e-02 2.127427179925879541e-02
1.995262314968879735e-01 9.578907810420242974e-01 9.466659621678461534e-01 8.772922972930077279e-01 7.159263203332858483e-01 4.774474700148394479e-01 2.267201848559469990e-01 1.903048781149838387e-01 1.857336249916477777e-01 1.598032347386634522e-01 1.120457526943241106e-01 6.184768365286653913e-02 2.346682818607449469e-02
2.238721138568340041e-01 9.486004929983166134e-01 9.378002097393491887e-01 8.705851275294113067e-01 7.121608023345601390e-01 4.758100722009320771e-01 2.262866319368208312e-01 2.114632105020729513e-01 2.064734254566877869e-01 1.779613587816178677e-01 1.248325115992478945e-01 6.869090832470040042e-02 2.584839415415408903e-02
2.511886431509580686e-01 9.371559459810231418e-01 9.268663103536392001e-01 8.622893017950354899e-01 7.075368305809022207e-01 4.738350668132777499e-01 2.257760828606229786e-01 2.344148133717377791e-01 2.290057587391426674e-01 1.978282853172157740e-01 1.388871779970904663e-01 7.618377442130826183e-02 2.843031952393292039e-02
2.818382931264454827e-01 9.231320336583639374e-01 9.134494003844045862e-01 8.520663958204426347e-01 7.018769708710966837e-01 4.714609199716812138e-01 2.251764000702129731e-01 2.590978039797907639e-01 2.532842304247606702e-01 2.194307562112246812e-01 1.542774407848516438e-01 8.436493844263011355e-02 3.122412924503305265e-02
3.162277660168379412e-01 9.060585207319546974e-01 8.970869008921366072e-01 8.395245910089806918e-01 6.949726692721993615e-01 4.686165272432464279e-01 2.244737208816544316e-01 2.853571984392914151e-01 2.791742295315368660e-01 2.427388096756790958e-01 1.710564783523033094e-01 9.327084403588008221e-02 3.424148705091675099e-02
3.548133892335754713e-01 8.854357424081298333e-01 8.772820070795877001e-01 8.242202775775924195e-01 6.865802201519949355e-01 4.652199476893602026e-01 2.236522307350118643e-01 3.129170714131452313e-01 3.064250329842660436e-01 2.676420896004019778e-01 1.892558305040566158e-01 1.029345566314835009e-01 3.749407666642803200e-02
3.981071705534973137e-01 8.607623383268543371e-01 8.535287632694311677e-01 8.056666669814942505e-01 6.764165948451404953e-01 4.611769823186890882e-01 2.226939218879223914e-01 3.413524656012081882e-01 3.346407175507019049e-01 2.939208271814556239e-01 2.088759566612314600e-01 1.133843164024379152e-01 4.099354551279674186e-02
4.466835921509632601e-01 8.315776669802674714e-01 8.253517575508524384e-01 7.833534070168121088e-01 6.641553966237032647e-01 4.563795768174801482e-01 2.215783153971691566e-01 3.700658949532961151e-01 3.632543116686632878e-01 3.212126281178744325e-01 2.298735089255252162e-01 1.246417250106995611e-01 4.475129319146544521e-02
5.011872336272724660e-01 7.975197578265534881e-01 7.923620197982121915e-01 7.567819589074304965e-01 6.494235984896957747e-01 4.507040303561513639e-01 2.202820407749319642e-01 3.982756527206113284e-01 3.915121424287590912e-01 3.489785327016803884e-01 2.521438006923573116e-01 1.367194536772662616e-01 4.877835090685830877e-02
5.623413251903490728e-01 7.583961034351217601e-01 7.543274393525346566e-01 7.255211013055535840e-01 6.318006801470444911e-01 4.440089885002492243e-01 2.187786228997296023e-01 4.250249774617517740e-01 4.184776255213229490e-01 3.764754532013612764e-01 2.754961343084445513e-01 1.496183147904798505e-01 5.308509694370277393e-02
6.309573444801933606e-01 7.142592666780165356e-01 7.112508220296680506e-01 6.892842395629523722e-01 6.108238286346275858e-01 4.361332020570053980e-01 2.170379119524765699e-01 4.492211438026366133e-01 4.430642859872864214e-01 4.027465062604689838e-01 2.996189058131391580e-01 1.633234834308914529e-01 5.768099278083783921e-02
7.079457843841380216e-01 6.654731757202315690e-01 6.634419028167271026e-01 6.480237546643344837e-01 5.860066500739652406e-01 4.268930317034796418e-01 2.150257158569925664e-01 4.697101917454135078e-01 4.641057231870963085e-01 4.266445449441981230e-01 3.240317321900592629e-01 1.777995614864430196e-01 6.257418890778174148e-02
7.943282347242817121e-01 6.127514424038491558e-01 6.115642889349348632e-01 6.020272999209949072e-01 5.568843826945778508e-01 4.160796868844877094e-01 2.127033683191052738e-01 4.853853541064925281e-01 4.804622970773789747e-01 4.469040651327794156e-01 3.480256655170929081e-01 1.929840309453153269e-01 6.777106242632703614e-02
8.912509381337458958e-01 5.571493141207501942e-01 5.566368189786995435e-01 5.519890402309368671e-01 5.231034539601395750e-01 4.034561880053412763e-01 2.100266475440621672e-01 4.953161839567566949e-01 4.911534698247232988e-01 4.622684282806780454e-01 3.706038593131353864e-01 2.087784034117285137e-01 7.327544360279229785e-02
1.000000000000000000e+00 4.999984885707136062e-01 4.999755593218525029e-01 4.990221543902025325e-01 4.845695693911933333e-01 3.887540690700121981e-01 2.069458815119522566e-01 4.988744692688898419e-01 4.954918632921283539e-01 4.716610888602024154e-01 3.904568434643677088e-01 2.250359192851789647e-01 7.908811760214949638e-02
1.122018454301964230e+00 4.427885078799769225e-01 4.430773907236612019e-01 4.445863693291964847e-01 4.416420993596342770e-01 3.716699186660318843e-01 2.034047260556773873e-01 4.958276549353748397e-01 4.931876780685923722e-01 4.743651585826044736e-01 4.060327581694617161e-01 2.415436891800350483e-01 8.520547865303003399e-02
1.258925411794167504e+00 3.870150737649943329e-01 3.874646098042551223e-01 3.903298565576349133e-01 3.953050282593032483e-01 3.518623842956693504e-01 1.993392680466174460e-01 4.863750801901973175e-01 4.843951920302986269e-01 4.701588373410435784e-01 4.157641989928871351e-01 2.579948436819392010e-01 9.161875460456064824e-02
1.412537544622753938e+00 3.340270366591822082e-01 3.345238643320752603e-01 3.378796188858806393e-01 3.471867597654348936e-01 3.289532079340639070e-01 1.946774078455661139e-01 4.711168626497401757e-01 4.696878217395543675e-01 4.593596925932863506e-01 4.184441634272607624e-01 2.739402665044957108e-01 9.831138842078882001e-02
1.584893192461114042e+00 2.849042841632260514e-01 2.853748425189912563e-01 2.886383117329586745e-01 2.993273731468568677e-01 3.025494777494518450e-01 1.893373172153382245e-01 4.509641808970219490e-01 4.499690789906710675e-01 4.427615679859756015e-01 4.136078606222556853e-01 2.886964595479733497e-01 1.052582817158650014e-01
1.778279410038922759e+00 2.403880418302513367e-01 2.407933007281217175e-01 2.436419152752586081e-01 2.537472248721839296e-01 2.723505677891886467e-01 1.832269476868562119e-01 4.270148330173167972e-01 4.263442582397047320e-01 4.214880809074886270e-01 4.017002407408601372e-01 3.011748398710645813e-01 1.124217908037007246e-01
1.995262314968880846e+00 2.008686074698028956e-01 2.011950213747542571e-01 2.035047310685209609e-01 2.120291613151122634e-01 2.384924600345699475e-01 1.762426356882973444e-01 4.004233843613232979e-01 3.999845564555454813e-01 3.968124408468710063e-01 3.839232008322984724e-01 3.096668063112968383e-01 1.197482695197910341e-01
2.238721138568339875e+00 1.664206652998549973e-01 1.666706459050418532e-01 1.684444922601487371e-01 1.751079764599959843e-01 2.022182475647124611e-01 1.682665153523057733e-01 3.722905060223258844e-01 3.720106270486222000e-01 3.699932345943406364e-01 3.618728714476845965e-01 3.119534578645375977e-01 1.271636578046762833e-01
2.511886431509582351e+00 1.368681030293320278e-01 1.370521845205371625e-01 1.383591775680926561e-01 1.432952577012933937e-01 1.662311363813656073e-01 1.591666751228283938e-01 3.435854204273056101e-01 3.434108301618543080e-01 3.421565823884502588e-01 3.371729128459282077e-01 3.063982454546978484e-01 1.345656204474290074e-01
2.818382931264455049e+00 1.118594747466531147e-01 1.119908866980031531e-01 1.129233106277139076e-01 1.164399409787171547e-01 1.335805092051891574e-01 1.487941582052325351e-01 3.151041631920609154e-01 3.149972840884399661e-01 3.142321408489067713e-01 3.112346900239971181e-01 2.933966640924671188e-01 1.418133837443057155e-01
3.162277660168379523e+00 9.093953461805222294e-02 9.103105272739388243e-02 9.167958310259699539e-02 9.411396120827893175e-02 1.060012604604989583e-01 1.369816165622168014e-01 2.874583876971243401e-01 2.873939848492467752e-01 2.869344732807285192e-01 2.851592563667054159e-01 2.751606566333754667e-01 1.487128369052992671e-01
3.548133892335756823e+00 7.360834705180120674e-02 7.367083152959795489e-02 7.411294188073458411e-02 7.576238524189234103e-02 8.366845627046601286e-02 1.235410761039097277e-01 2.610857685891040947e-01 2.610474666791285925e-01 2.607750258503898633e-01 2.597359652657694196e-01 2.542097387404970155e-01 1.549909012069612402e-01
3.981071705534973137e+00 5.936491821893605247e-02 5.940690771457836361e-02 5.970354265491646661e-02 6.080323137622035273e-02 6.594270108681837828e-02 1.082622479002061655e-01 2.362728654333030587e-01 2.362503310711142335e-01 2.360904824011166858e-01 2.354877427600685358e-01 2.324451479414305355e-01 1.602495752116624428e-01
4.466835921509634488e+00 4.773599584720047279e-02 4.776385605513355087e-02 4.796038647619811635e-02 4.868460277019054372e-02 5.198394295080255301e-02 9.092033337248228708e-02 2.131830595026341924e-01 2.131699183009873322e-01 2.130769207272323051e-01 2.127296800186788683e-01 2.110534159326070136e-01 1.638564656104000428e-01
5.011872336272724660e+00 3.829259674612957992e-02 3.831089483038443988e-02 3.843980316851320495e-02 3.891228149088195309e-02 4.101547956035501291e-02 7.149129363362051459e-02 1.918845372192839460e-01 1.918769285780451417e-01 1.918231917348961757e-01 1.916242013098560515e-01 1.906985319113997102e-01 1.645683522251368269e-01
5.623413251903491172e+00 3.065740001641512058e-02 3.066932040487788808e-02 3.075320280232111958e-02 3.105922005344131931e-02 3.239451780734238506e-02 5.182054051878388912e-02 1.723754464823827603e-01 1.723710666638389177e-01 1.723401855898255564e-01 1.722266167262002934e-01 1.717140328687801198e-01 1.599452630680739951e-01
6.309573444801936049e+00 2.450593746460684452e-02 2.451365271520671713e-02 2.456789150275281650e-02 2.476498368702491001e-02 2.561073838720018606e-02 3.641509054211119339e-02 1.546049615532868737e-01 1.546024521468487567e-01 1.545847834451588021e-01 1.545201725676855486e-01 1.542355810387220638e-01 1.493490580431424686e-01
7.079457843841380438e+00 1.956395881226486930e-02 1.956892650678246359e-02 1.960382150881471650e-02 1.973020536511410974e-02 2.026512927255784066e-02 2.621298012760775106e-02 1.384900285189718527e-01 1.384885961633616769e-01 1.384785224324559250e-01 1.384418551363662542e-01 1.382834779483161358e-01 1.361368178590017519e-01
7.943282347242821118e+00 1.560272118601937000e-02 1.560590892297555703e-02 1.562826931399624239e-02 1.570903604768533399e-02 1.604707013178275840e-02 1.941542497886197122e-02 1.239281363096429861e-01 1.239273216235582953e-01 1.239215942349675553e-01 1.239008257852453471e-01 1.238125126284418259e-01 1.228014744528557189e-01
8.912509381337459402e+00 1.243341212222651322e-02 1.243544940203138854e-02 1.244973226403329331e-02 1.250120799242990938e-02 1.271470687086009160e-02 1.467416465255524938e-02 1.108067151736683159e-01 1.108062526796874392e-01 1.108030036772657961e-01 1.107912579525335006e-01 1.107419326607530230e-01 1.102412677545883679e-01
1.000000000000000000e+01 9.901421600834322059e-03 9.902720210795950412e-03 9.911820482030261198e-03 9.944558535248171349e-03 1.007935659761357607e-02 1.124251735970127793e-02 9.900981348574776353e-02 9.900955143564818539e-02 9.900771164741481445e-02 9.900107666337594481e-02 9.897349013240683280e-02 9.871694999122626601e-02
1.122018454301964141e+01 7.880958351478926233e-03 7.881784387379115950e-03 7.887570968732937615e-03 7.908357844735059219e-03 7.993447207926414680e-03 8.694199622225716809e-03 8.842267761693045625e-02 8.842252936700883970e-02 8.842148904496756334e-02 8.841774465803303729e-02 8.840229920478542835e-02 8.826769789466397398e-02
1.258925411794167459e+01 6.270186672855098536e-03 6.270711233971162750e-03 6.274384882291380618e-03 6.287566251287033357e-03 6.341269989869081740e-03 6.768057224302129887e-03 7.893475071226871420e-02 7.893466694532286221e-02 7.893407935342382220e-02 7.893196782244754628e-02 7.892331243410542763e-02 7.885148769096567145e-02
1.412537544622755448e+01 4.986989303907901280e-03 4.987321976242981708e-03 4.989651265168888912e-03 4.998001543343112002e-03 5.031892889331758892e-03 5.293937746147325644e-03 7.044151866710458842e-02 7.044147138151996002e-02 7.044113979863936281e-02 7.043994979122032707e-02 7.043509599864368476e-02 7.039629441821679268e-02
1.584893192461114175e+01 3.965355670290642703e-03 3.965566424114417426e-03 3.967041834670372025e-03 3.972327133238938435e-03 3.993714138539474802e-03 4.155593992998299867e-03 6.284553293092277892e-02 6.284550625911838884e-02 6.284531927861505829e-02 6.284464891263667752e-02 6.284192545866819357e-02 6.282077094794649708e-02
1.778279410038922848e+01 3.152353527451456309e-03 3.152486928601256136e-03 3.153420734922956787e-03 3.156763838561225596e-03 3.170259516175454300e-03 3.270728590084518231e-03 5.605686012470584290e-02 5.605684508914698938e-02 5.605673971081043261e-02 5.605636220599676672e-02 5.605483339999724895e-02 5.604321996609760298e-02
1.995262314968880801e+01 2.505620719445433853e-03 2.505705097412452235e-03 2.506295313162442990e-03 2.508409219943215189e-03 2.516925098812081499e-03 2.579503843167867475e-03 4.999314342741448258e-02 4.999313495512883176e-02 4.999307556266775060e-02 4.999286306467745633e-02 4.999200456838184814e-02 4.998559527332469693e-02
2.238721138568340052e+01 1.991306907059785334e-03 1.991360241849548813e-03 1.991733953914527535e-03 1.993069218847228190e-03 1.998442705575009023e-03 2.037529041115706922e-03 4.457941000147690180e-02 4.457940522867748917e-02 4.457937182087403499e-02 4.457925217830610576e-02 4.457876995428702166e-02 4.457521835073911809e-02
2.511886431509581996e+01 1.582396490059727410e-03 1.582430178172277834e-03 1.582666163873027495e-03 1.583510065429396272e-03 1.586900477955341133e-03 1.611366304379895781e-03 3.974772026539216685e-02 3.974771757665040983e-02 3.974769875982853834e-02 3.974763144592590586e-02 3.974736051017167121e-02 3.974538623917604763e-02
2.818382931264455138e+01 1.257349593150866368e-03 1.257370850099220460e-03 1.257519951931703947e-03 1.258052746745866920e-03 1.260192216994941803e-03 1.275532278254254718e-03 3.543672622250414878e-02 3.543672470712092709e-02 3.543671411812183286e-02 3.543667624000385735e-02 3.543652399299566241e-02 3.543542383693383535e-02
3.162277660168379256e+01 9.990054719450740250e-04 9.990188607208925174e-04 9.991130644734387816e-04 9.994494891491895964e-04 1.000799444995972495e-03 1.010430383826404566e-03 3.159118513202818779e-02 3.159118427678816315e-02 3.159117832042144386e-02 3.159115701076137261e-02 3.159107144373367315e-02 3.159045720777851896e-02
3.548133892335756912e+01 7.937006027307823243e-04 7.937090050650568536e-04 7.937685444791100532e-04 7.939809264000078238e-04 7.948327216083111730e-04 8.008855979429968606e-04 2.816145971000066917e-02 2.816145922575750277e-02 2.816145587760859881e-02 2.816144388976575541e-02 2.816139579333696089e-02 2.816105233745829980e-02
3.981071705534973404e+01 6.305612716832448804e-04 6.305665042686990022e-04 6.306041752154779726e-04 6.307382174606298436e-04 6.312756888951440984e-04 6.350829310387056878e-04 2.510302528688179019e-02 2.510302501074832687e-02 2.510302313122210124e-02 2.510301638737739982e-02 2.510298935052275929e-02 2.510279707291950338e-02
4.466835921509634488e+01 5.009372966119182051e-04 5.009405013758492153e-04 5.009644086661611427e-04 5.010489667399746711e-04 5.013881663638233973e-04 5.037843924414652430e-04 2.237599677111535082e-02 2.237599661132161355e-02 2.237599555946589991e-02 2.237599176486554375e-02 2.237597657252614336e-02 2.237586881503807884e-02
5.011872336272725192e+01 3.979494549288915221e-04 3.979513482645850430e-04 3.979665703390916870e-04 3.980199132701071614e-04 3.982339897527487332e-04 3.997429386260422561e-04 1.994468299988557541e-02 1.994468290480169020e-02 1.994468231852735904e-02 1.994468018358764791e-02 1.994467164401429390e-02 1.994461122301677269e-02
5.623413251903490817e+01 3.161282461501378088e-04 3.161292749004986405e-04 3.161389442715802404e-04 3.161726893875414454e-04 3.163077419225806012e-04 3.172583975577518596e-04 1.777717244883786005e-02 1.777717238943208461e-02 1.777717206314446616e-02 1.777717086436614649e-02 1.777716606018996809e-02 1.777713216220598233e-02
6.309573444801936404e+01 2.511258463323552096e-04 2.511262933550049005e-04 2.511324901350262006e-04 2.511538635275089920e-04 2.512391061089333782e-04 2.518381933727553592e-04 1.584495184364581588e-02 1.584495180382996735e-02 1.584495162440619637e-02 1.584495095185742275e-02 1.584494825125966691e-02 1.584492922269961288e-02
7.079457843841380793e+01 1.994866073642623391e-04 1.994866501582000576e-04 1.994907319972335277e-04 1.995042526507334840e-04 1.995580714382492397e-04 1.999357024418364033e-04 1.412255762045875641e-02 1.412255759132717212e-02 1.412255749585617122e-02 1.412255711815512196e-02 1.412255560034411835e-02 1.412254491478397503e-02
7.943282347242821118e+01 1.584643170966071703e-04 1.584640754218627175e-04 1.584668504316615175e-04 1.584754122882865626e-04 1.585094069653466317e-04 1.587474935983350193e-04 1.258725916895478761e-02 1.258725914584062598e-02 1.258725909765311991e-02 1.258725888563257123e-02 1.258725803283324007e-02 1.258725203062489341e-02
8.912509381337459047e+01 1.258767653824090075e-04 1.258769756376084889e-04 1.258782883693201524e-04 1.258837412655682692e-04 1.259052140673321604e-04 1.260553454613942985e-04 1.121877218167798701e-02 1.121877217679757496e-02 1.121877214301070409e-02 1.121877202198479778e-02 1.121877154269027184e-02 1.121876817036652520e-02
1.000000000000000000e+02 9.999004589112620912e-05 9.999017652347640171e-05 9.999098333043255238e-05 9.999448792429367920e-05 1.000079933680581056e-04 1.001026753604310161e-04 9.999000099088736424e-03 9.999000096303509513e-03 9.999000075556655626e-03 9.999000009695058200e-03 9.998999739602850920e-03 9.998997844517409916e-03
