# W Re(E=0.1) Re(E=0.2) Re(E=0.5) Re(E=1.0) Re(E=2.0) Re(E=5.0) Im(E=0.1) Im(E=0.2) Im(E=0.5) Im(E=1.0) Im(E=2.0) Im(E=5.0)
1.000000000000000021e-02 1.480571912161899872e-01 1.434799159310170824e-01 1.173417958299383113e-01 6.837405198894035141e-02 2.201505217439662584e-02 2.438901658263394143e-03 8.833104263107734860e-03 8.394169388023134393e-03 6.108786356895806909e-03 2.769645211718917838e-03 6.400157169622229525e-04 5.182797996610103444e-05
1.122018454301963557e-02 1.479665042397054209e-01 1.433956192934287832e-01 1.172876401743906810e-01 6.835444177678885735e-02 2.201137668001329137e-02 2.438637595369327633e-03 9.907452361844116054e-03 9.415279369510901400e-03 6.852393720798654296e-03 3.107029169456578845e-03 7.179864495299077571e-04 5.812890714706244057e-05
1.258925411794167490e-02 1.478524076215033678e-01 1.432895593800096179e-01 1.172194945865512178e-01 6.832976456421174793e-02 2.200675290738553919e-02 2.438306170342937132e-03 1.111146875845845684e-02 1.055969326586599435e-02 7.686002847023615248e-03 3.485348052362604362e-03 8.054205972843541880e-04 6.518945882569079507e-05
1.412537544622754007e-02 1.477088817384502040e-01 1.431561338437435660e-01 1.171337555917558587e-01 6.829871453892155664e-02 2.200093728447969146e-02 2.437890492305744197e-03 1.246039089117145782e-02 1.184197886623788651e-02 8.620294499842133529e-03 3.909501275277922974e-03 9.034522664820385934e-04 7.309873987818966371e-05
1.584893192461113431e-02 1.475283726382228267e-01 1.429883224848779999e-01 1.170258976810485824e-01 6.825965135931993943e-02 2.199362429307386707e-02 2.437369584735794067e-03 1.397107598489662206e-02 1.327812063550604105e-02 9.667129164303758099e-03 4.384946998209130614e-03 1.013345639712471711e-03 8.195539404899796420e-05
1.778279410038922925e-02 1.473014088734953819e-01 1.427773107305171651e-01 1.168902409629064970e-01 6.821051560406816983e-02 2.198443105935621658e-02 2.436717468054252610e-03 1.566210119193367847e-02 1.488588187435492885e-02 1.083964056759226940e-02 4.917754401191946727e-03 1.136507486377522818e-03 9.186831074319495123e-05
1.995262314968879874e-02 1.470161272815900255e-01 1.425120585705942078e-01 1.167196623498680391e-01 6.814872351408195195e-02 2.197287830077901752e-02 2.435902066801741862e-03 1.755383672274541534e-02 1.668472172832548284e-02 1.215232022101445097e-02 5.514655942617511207e-03 1.274499997578599489e-03 1.029572771378319131e-04
2.238721138568339902e-02 1.466576887959566977e-01 1.421787519767852559e-01 1.165052377805666090e-01 6.807103633440336754e-02 2.195836687280495331e-02 2.434883919130402096e-03 1.966847324607596745e-02 1.869587045040511583e-02 1.362108379124974712e-02 6.183097085084392902e-03 1.429053412269025132e-03 1.153535482026324502e-04
2.511886431509579437e-02 1.462075631234725503e-01 1.417601334023062543e-01 1.162358044355019243e-01 6.797339871738539152e-02 2.194014901476743634e-02 2.433614668156586659e-03 2.202997677375786306e-02 2.094230276229627416e-02 1.526330600413332468e-02 6.931279720374080092e-03 1.602077816978355771e-03 1.292002718916363717e-04
2.818382931264453578e-02 1.456426597103097353e-01 1.412346867916225712e-01 1.158974076028715383e-01 6.785073978532436823e-02 2.191729339271037552e-02 2.432035315183153808e-03 2.466393325125149430e-02 2.344861251435663430e-02 1.709780421596574645e-02 7.768194419429712283e-03 1.795673231948402126e-03 1.446527483272525645e-04
3.162277660168379134e-02 1.449342828574441688e-01 1.405756550792900961e-01 1.154726577344571264e-01 6.769672960999786882e-02 2.188864282442238435e-02 2.430074221156853197e-03 2.759723029791976562e-02 2.624074078357597345e-02 1.914474484558941272e-02 8.703630413082787121e-03 2.012136752705349745e-03 1.618784286640913761e-04
3.548133892335755130e-02 1.440468926929145965e-01 1.397498709827942054e-01 1.149399262187521531e-01 6.750348337824836620e-02 2.185276367776501152e-02 2.427644846841150224e-03 3.085750408847886400e-02 2.934549159293928580e-02 2.142543302656259654e-02 9.748159554045175354e-03 2.253964996796375270e-03 1.810566314649860364e-04
3.981071705534973415e-02 1.429363415042294305e-01 1.387163898464830458e-01 1.142724013399449706e-01 6.726120525764051061e-02 2.180788587808136364e-02 2.424643214727006339e-03 3.447345544607104822e-02 3.278974622730426031e-02 2.396193459803695400e-02 1.091307035140109266e-02 2.523849726511622014e-03 2.023779000786462764e-04
4.466835921509629964e-02 1.415493444093775255e-01 1.374249297097377975e-01 1.134369804759716299e-01 6.695776475249920479e-02 2.175183279011373705e-02 2.420945096123887797e-03 3.846917156013647532e-02 3.659925810932983942e-02 2.677645967816158837e-02 1.221023699604416833e-02 2.824664031302573548e-03 2.260429523289505908e-04
5.011872336272724798e-02 1.398202153071738119e-01 1.358141535415808010e-01 1.123930032669819418e-01 6.657820089734271807e-02 2.168194026555264262e-02 2.416402905413670907e-03 4.286812740170834607e-02 4.079687567085407696e-02 2.989041481921596646e-02 1.365189718316244145e-02 3.159435115136732114e-03 2.522611588673953566e-04
5.623413251903491145e-02 1.376699290267128506e-01 1.338098785142832203e-01 1.110908508471253747e-01 6.610415243639171379e-02 2.159496508352635666e-02 2.410842309581089776e-03 4.768670586835457165e-02 4.540000269557117191e-02 3.332300359525177530e-02 1.525029848922420522e-02 3.531300437073204689e-03 2.812484549790851161e-04
6.309573444801933051e-02 1.350042288390198020e-01 1.313233761628714302e-01 1.094704668669006647e-01 6.551322240551230025e-02 2.148698327107193343e-02 2.404058562220056684e-03 5.293120020603395148e-02 5.041706968019566554e-02 3.708924278025445970e-02 1.701717074632234580e-02 3.943441172861986664e-03 3.132246314203574822e-04
7.079457843841380216e-02 1.317124034462076598e-01 1.282500457268933025e-01 1.074599579453036080e-01 6.477829398409308548e-02 2.135328030630821369e-02 2.395812600996290696e-03 5.859263573667030517e-02 5.584276713301727924e-02 4.119712456064492795e-02 1.896297726218301033e-02 4.398988471609814946e-03 3.484098998725026217e-04
7.943282347242813790e-02 1.276670337369216757e-01 1.244689108940071620e-01 1.049744066861461461e-01 6.386683448925506434e-02 2.118823617863221237e-02 2.385826944787848396e-03 6.464003891518380063e-02 6.165180283057454524e-02 4.564392926379785831e-02 2.109587022333027709e-02 4.900895756501720373e-03 3.870206992854994784e-04
8.912509381337459236e-02 1.227254525325306433e-01 1.198436123628795619e-01 1.019153260564024804e-01 6.274024890143585498e-02 2.098521014007439719e-02 2.373781404432044866e-03 7.101202335561236645e-02 6.779102336798184525e-02 5.041124569911131781e-02 2.342028833620428060e-02 5.451770566089495472e-03 4.292647140339021566e-04
1.000000000000000056e-01 1.167339381634227985e-01 1.142258354587100816e-01 9.817119592406592377e-02 6.135338404962775022e-02 2.073643216332584152e-02 2.359308594331263522e-03 7.760679733301052707e-02 7.416993543167182956e-02 5.545872211802873458e-02 2.593510970901589247e-02 6.053659375806785294e-03 4.753350019452584228e-04
1.122018454301963591e-01 1.095359291002375862e-01 1.074623839044457907e-01 9.361982571023660937e-02 5.965430711420584287e-02 2.043291023671926776e-02 2.341989278965024741e-03 8.427113273512200353e-02 8.065003840218505637e-02 6.071646241318628262e-02 2.863132039288986130e-02 6.707778434264634847e-03 5.254029837391259753e-04
1.258925411794167559e-01 1.009856934638357767e-01 9.940729684197657789e-02 8.813340427293478441e-02 5.758457988377448100e-02 2.006436602020011950e-02 2.321347703450922593e-03 9.078953601974186494e-02 8.703400410726469527e-02 6.607633351431334290e-02 3.148912088054944824e-02 7.414184434806869207e-03 5.796100059395626865e-04
1.412537544622754770e-01 9.096872718189828733e-02 8.994055427283963178e-02 8.158749449971935963e-02 5.508025619580084187e-02 1.961921452063226934e-02 2.296847173407675670e-03 9.687584915367211669e-02 9.305668981395227857e-02 7.138280209281351596e-02 3.447449485246995016e-02 8.171380376898854797e-03 6.380572406475636506e-04
1.584893192461114264e-01 7.942942458114864157e-02 7.899295832861133460e-02 7.387495220523843109e-02 5.207394751566363222e-02 1.908460773001073238e-02 2.267886089905597931e-03 1.021706913312706994e-01 9.838086156003034155e-02 7.642467606476173458e-02 3.753529656935557235e-02 8.975852078373329837e-03 7.007939288055897416e-04
1.778279410038922925e-01 6.640498484799986501e-02 6.657939700924116189e-02 6.492584626211389542e-02 4.849833646528840109e-02 1.844656695762900492e-02 2.233794603518096059e-03 1.062492329161161958e-01 1.026023056097688790e-01 8.092993054712276091e-02 4.059705697160697485e-02 9.821535750924368854e-03 7.678037089854808459e-04
1.995262314968879735e-01 5.206194417870396718e-02 5.283415094645412674e-02 5.473332742306327714e-02 4.429156407384220173e-02 1.769023445094616842e-02 2.193832153090851788e-03 1.086441971570913795e-01 1.052686447037934486e-01 8.456679722947747779e-02 4.355885241853959394e-02 1.069921937155769200e-02 8.389885902042133400e-04
2.238721138568340041e-01 3.672840487107797286e-02 3.804464187246651280e-02 4.338429905838461775e-02 3.940494345264364956e-02 1.680028108318904617e-02 2.147186661899753036e-03 1.088879086965940518e-01 1.059164615625696748e-01 8.695516235350829459e-02 4.628983499656078027e-02 1.159588758764385462e-02 9.141498721635358963e-04
2.511886431509580686e-01 2.091186522025060765e-02 2.267332834786962500e-02 3.109073476797416524e-02 3.381335047522621845e-02 1.576151499452814464e-02 2.092976061143069638e-03 1.065738999551756050e-01 1.041281447903114055e-01 8.769269491361286750e-02 4.862731516212055738e-02 1.249402934675867237e-02 9.929657408449313587e-04
2.818382931264454827e-01 5.291108936909774685e-03 7.356464319021034474e-03 1.821506943348233376e-02 2.752846521010953937e-02 1.455974278411691948e-02 2.030253319639020206e-03 1.014328978278964816e-01 9.960490242736477762e-02 8.639858228833278975e-02 5.037768656780904769e-02 1.337094080623206852e-02 1.074966231625129132e-03
3.162277660168379412e-01 -9.327338482530761130e-03 -7.130707921671564607e-03 5.279617149594843795e-03 2.061460198353878490e-02 1.318294350050425515e-02 1.958015747763181685e-03 9.341098958498438021e-02 9.224548670986808252e-02 8.277484479528159078e-02 5.132192566321023414e-02 1.419807529849210527e-02 1.159503601382350915e-03
3.548133892335754713e-01 -2.209116001966878948e-02 -1.994737865564366608e-02 -7.051083042092691835e-03 1.320610264105213753e-02 1.162281865590687920e-02 1.875219641860890627e-03 8.273178947947552875e-02 8.221359108033385321e-02 7.667931839715935727e-02 5.122784982904385331e-02 1.494052071677600714e-02 1.245720169765681404e-03
3.981071705534973137e-01 -3.221541203268454140e-02 -3.029474645138146432e-02 -1.802407323020149138e-02 5.523994378143178181e-03 9.876784116502003788e-03 1.780804282908293994e-03 6.992245138765995627e-02 6.997353818038416773e-02 6.819730678209763586e-02 4.987157891257010950e-02 1.555672294613735102e-02 1.332509669614816020e-03
4.466835921509632601e-01 -3.910868142576222339e-02 -3.754194350800492408e-02 -2.689018084353237900e-02 -2.112301601583806230e-03 7.950456695811222718e-03 1.673724089546035649e-03 5.578745685832584705e-02 5.627627440797876995e-02 5.769247736642404978e-02 4.707036942572779409e-02 1.599862421443373414e-02 1.418481692024798875e-03
5.011872336272724660e-01 -4.248579106957161428e-02 -4.134492660040381407e-02 -3.302563998790772337e-02 -9.284944777496103793e-03 5.860663867193742493e-03 1.552994008174027893e-03 4.132422979990121870e-02 4.208651247403572687e-02 4.581502292539737370e-02 4.272751292681254559e-02 1.621245602610124625e-02 1.501916665141165078e-03
5.623413251903490728e-01 -4.243823296139052209e-02 -4.172906752284361726e-02 -3.606093629136846584e-02 -1.549856233700635903e-02 3.638943763953691058e-03 1.417753176197343503e-03 2.758872177921588287e-02 2.845526263416672114e-02 3.344956313059498781e-02 3.688632907989709830e-02 1.614050977207429419e-02 1.580724852387742569e-03
6.309573444801933606e-01 -3.943864169133028813e-02 -3.910633151851784090e-02 -3.598371424566167848e-02 -2.023212093631513234e-02 1.335399107146710692e-03 1.267345277179837476e-03 1.553401569611458782e-02 1.636021854076597989e-02 2.159763415491834995e-02 2.978369274407774783e-02 1.572431453696484377e-02 1.652409694494816556e-03
7.079457843841380216e-01 -3.426872800300095195e-02 -3.421809740865110194e-02 -3.317906325348203567e-02 -2.302810188978371420e-02 -9.774194166970757037e-04 1.101424836562323040e-03 5.856978286920021259e-03 6.543423334951468939e-03 1.120967499597757926e-02 2.188428633938713924e-02 1.490976441864854708e-02 1.714035411539787963e-03
7.943282347242817121e-01 -2.788005624402675395e-02 -2.800166907616206957e-02 -2.837957728092127194e-02 -2.361327507380949278e-02 -3.201232064663780009e-03 9.200904590103565605e-04 -1.107586009440284305e-03 -6.063332506188743101e-04 3.003736152430803562e-03 1.386793144091145145e-02 1.365484369904839887e-02 1.762210037356025123e-03
8.912509381337458958e-01 -2.121933085777467226e-02 -2.141469413437987676e-02 -2.252269514735003725e-02 -2.202312824849842962e-02 -5.210492439925622568e-03 7.240467385414756964e-04 -5.413894653661151073e-03 -5.095037143150555822e-03 -2.674601139209883613e-03 6.541442386440140914e-03 1.194064670297778456e-02 1.793092377693309824e-03
1.000000000000000000e+00 -1.506536689292846398e-02 -1.526356247159266731e-02 -1.654923617333041788e-02 -1.867465569574884923e-02 -6.854542463230748825e-03 5.148177463204908549e-04 -7.444066058989425375e-03 -7.272883024806050395e-03 -5.899047765886713569e-03 6.653484371894570135e-04 9.786263754140062804e-03 1.802440008575559955e-03
1.122018454301964230e+00 -9.923520265436306526e-03 -1.008589603388855734e-02 -1.120863720219028234e-02 -1.431985647188928693e-02 -7.966699442909057349e-03 2.949583198346648872e-04 -7.779670324587201549e-03 -7.709135592358979348e-03 -7.093765349601077394e-03 -3.266651160521788760e-03 7.267521727638526566e-03 1.785706428255964730e-03
1.258925411794167504e+00 -6.001958695736841348e-03 -6.116709924427162111e-03 -6.939660018310533050e-03 -9.848384403817127264e-03 -8.385427255169414229e-03 6.835058684920408668e-05 -7.050246400077102987e-03 -7.036842236040678072e-03 -6.875407287316242025e-03 -5.196353161514925476e-03 4.537826634973760216e-03 1.738223261232844496e-03
1.412537544622753938e+00 -3.262242897199868919e-03 -3.334111665661332324e-03 -3.860828028569139852e-03 -6.004945853022206070e-03 -7.994944974723774272e-03 -1.595339750595432305e-04 -5.806859539066273543e-03 -5.818860307525281633e-03 -5.872355162696834413e-03 -5.502310353604502290e-03 1.844722197648875810e-03 1.655488097430221541e-03
1.584893192461114042e+00 -1.511487188292325035e-03 -1.551873101148789486e-03 -1.851613073609303549e-03 -3.177358027050462917e-03 -6.792055938353240563e-03 -3.813315198544286544e-04 -4.451081236653192663e-03 -4.469758589170646189e-03 -4.589731991989847576e-03 -4.807824591358892015e-03 -4.749782934833750585e-04 1.533615895313164426e-03
1.778279410038922759e+00 -4.971846285251513200e-04 -5.176081909593079587e-04 -6.703006809107638379e-04 -1.377471674397845848e-03 -4.971076072044279016e-03 -5.875968245456694976e-04 -3.222518953413439080e-03 -3.239210745961700142e-03 -3.353595284294050554e-03 -3.715883088275445233e-03 -2.056965922754866016e-03 1.369980165557050517e-03
1.995262314968880846e+00 2.249032687278173403e-05 1.322235003703657885e-05 -5.601938147116279762e-05 -3.851091791107933782e-04 -2.966014396014347507e-03 -7.666456635101409709e-04 -2.227039019058470615e-03 -2.239096748629598732e-03 -2.324116107864778510e-03 -2.635415482653564578e-03 -2.668700919436744600e-03 1.164072765805882620e-03
2.238721138568339875e+00 2.415759735533395925e-04 2.379503959380555457e-04 2.107113601191395146e-04 7.841061492894180847e-05 -1.315098512597539506e-03 -9.047460054483407810e-04 -1.481301014281253669e-03 -1.489056818021692154e-03 -1.544211113008754242e-03 -1.757185755121194390e-03 -2.416571751254886595e-03 9.187628029126382280e-04
2.511886431509582351e+00 2.968389403384010645e-04 2.957336336743684123e-04 2.872759900767020771e-04 2.440311995201120969e-04 -3.255228257714995921e-04 -9.867658441654423174e-04 -9.546853200797678508e-04 -9.592761190374718373e-04 -9.920074859807138327e-04 -1.120514324748444254e-03 -1.744320852614207476e-03 6.417244510175091309e-04
2.818382931264455049e+00 2.746726219835001338e-04 2.745397869250649548e-04 2.733478552938156539e-04 2.648876047747629296e-04 9.287162202355313397e-05 -9.975755477475384096e-04 -5.995228209586103479e-04 -6.020789126158401349e-04 -6.203007036523139946e-04 -6.918325446231859315e-04 -1.090560626414898001e-03 3.472929562067285651e-04
3.162277660168379523e+00 2.241996743663966947e-04 2.243584796501446577e-04 2.253740299829136949e-04 2.278979084262199798e-04 1.996311073079242923e-04 -9.247958557007348365e-04 -3.685620170168489888e-04 -3.699201572369103770e-04 -3.795890919054758519e-04 -4.172572690044384414e-04 -6.309450467913759472e-04 5.832558111787403067e-05
3.548133892335756823e+00 1.702179785495516512e-04 1.704101824638630460e-04 1.717176681907835157e-04 1.762082038467748999e-04 1.863083428654889494e-04 -7.636572693294441062e-04 -2.226751237294155529e-04 -2.233708752397254736e-04 -2.283167702526077089e-04 -2.473797842255868041e-04 -3.523660047345191534e-04 -1.923811219805629795e-04
3.981071705534973137e+00 1.232618926793503861e-04 1.234117511688702167e-04 1.244427258413374456e-04 1.281609615660077458e-04 1.426270617137414729e-04 -5.252275630251309300e-04 -1.326478306502828835e-04 -1.329941264296012116e-04 -1.354529628150214935e-04 -1.448228774216292123e-04 -1.941846175271898884e-04 -3.626609991070743090e-04
4.466835921509634488e+00 8.635417319461332112e-05 8.645378901105127151e-05 8.714079725517647759e-05 8.965026306279834844e-05 1.004511285348058365e-04 -2.498868099091694061e-04 -7.812000054212189359e-05 -7.828846360272995609e-05 -7.948389058351188234e-05 -8.399021511723614496e-05 -1.066738719419481552e-04 -4.080546109288047578e-04
5.011872336272724660e+00 5.905699977544585385e-05 5.911783024172128238e-05 5.953718847037026742e-05 6.107255643309517112e-05 6.782038486357347623e-05 -2.324970218919416085e-05 -4.558438547312815807e-05 -4.566486078367451795e-05 -4.623593668453639913e-05 -4.836796614436603435e-05 -5.866457553244383896e-05 -3.117000851894923832e-04
5.623413251903491172e+00 3.966760313095344954e-05 3.970283453734648203e-05 3.994536227064841404e-05 4.083190732179773404e-05 4.471772707672330347e-05 6.308525857769595418e-05 -2.640246309425948199e-05 -2.644035559108678243e-05 -2.670941356322261952e-05 -2.770501667964719237e-05 -3.234783648005926424e-05 -1.554991207321604850e-04
6.309573444801936049e+00 2.628160525457610763e-05 2.630129008143858009e-05 2.643655954181497694e-05 2.692972072103407778e-05 2.906866789304994819e-05 5.283132027970603896e-05 -1.520139520311874419e-05 -1.521903466671589834e-05 -1.534441165147492885e-05 -1.580495005375339034e-05 -1.789027152703743313e-05 -6.154587294016712661e-05
7.079457843841380438e+00 1.723025185847954990e-05 1.724097214954194889e-05 1.731449996658750298e-05 1.758205607785735954e-05 1.872711406018288415e-05 3.184795339756439593e-05 -8.710599416129272135e-06 -8.718736228791320811e-06 -8.776661689180563299e-06 -8.987882273444525774e-06 -9.922637753342927774e-06 -2.500662396294634830e-05
7.943282347242821118e+00 1.120648745980387801e-05 1.120996176719820755e-05 1.124918282565439782e-05 1.139114564135298992e-05 1.199366698589720613e-05 1.840565519906707021e-05 -5.028857193154071351e-06 -4.975980405497181499e-06 -5.002562248512150456e-06 -5.099410638337023913e-06 -5.517339091917898393e-06 -1.102826279338560748e-05
8.912509381337459402e+00 7.243658094907751255e-06 7.242438562617949728e-06 7.263065514409625153e-06 7.337688823419490388e-06 7.650499414200847236e-06 1.072430381840958961e-05 -2.862315580648586552e-06 -2.831347113583918694e-06 -2.843482818242930002e-06 -2.887366205338702851e-06 -3.074386559226922034e-06 -5.195060687621734720e-06
1.000000000000000000e+01 4.658442557909940656e-06 4.655894569255087215e-06 4.666621053866523555e-06 4.705661262627037299e-06 4.866424959171123650e-06 6.343300149654865221e-06 -1.625155082289841998e-06 -1.607168129328669907e-06 -1.612691397206934022e-06 -1.632454757383051732e-06 -1.716157631845211739e-06 -2.564075860422407534e-06
1.122018454301964141e+01 2.983941235637416119e-06 2.981420812010987770e-06 2.986943143530575565e-06 3.006950383848597711e-06 3.089300639703544822e-06 3.803580049868950178e-06 -9.209124436623941380e-07 -9.105287061319609097e-07 -9.130429095994917964e-07 -9.220330731240077760e-07 -9.593709084118414004e-07 -1.307856082073382211e-06
1.258925411794167459e+01 1.905348305255087563e-06 1.903301367221807898e-06 1.906111462356382041e-06 1.916157224275535386e-06 1.958288009312378947e-06 2.306060217053305726e-06 -5.210288133282626256e-07 -5.150575469769716127e-07 -5.162103566692875392e-07 -5.203576448367416150e-07 -5.369426440962693161e-07 -6.830552810996827129e-07
1.412537544622755448e+01 1.213614828658207826e-06 1.212108145081660130e-06 1.213509511795870878e-06 1.218536824067406906e-06 1.240005854664832394e-06 1.410312765104813450e-06 -2.944175078376762190e-07 -2.909876076687875576e-07 -2.915292060298312255e-07 -2.934688186169857807e-07 -3.008050139161962778e-07 -3.629731430454332522e-07
1.584893192461114175e+01 7.714995900387054234e-07 7.704653789715636837e-07 7.711308094217912464e-07 7.736204903568024569e-07 7.845487793742474113e-07 8.683449918936615335e-07 -1.662013686742242552e-07 -1.642250028210725360e-07 -1.644962290737508440e-07 -1.654032730692192147e-07 -1.686424404309468752e-07 -1.953916265380944353e-07
1.778279410038922848e+01 4.896848573940397978e-07 4.890266786325302166e-07 4.892975740484128116e-07 4.905387714183330944e-07 4.960771319879316382e-07 5.374646435834688031e-07 -9.374816283555435923e-08 -9.259662010612080393e-08 -9.275260063631803170e-08 -9.317025901284852995e-08 -9.460617978319970499e-08 -1.062105919487099444e-07
1.995262314968880801e+01 3.104302656177416210e-07 3.100638426334683322e-07 3.107170364705730851e-07 3.107420874792226430e-07 3.135264240039878582e-07 3.340302899217378884e-07 -5.284674980349729282e-08 -5.215795081315524269e-08 -5.202339259929910484e-08 -5.245295616333648578e-08 -5.309905722680120399e-08 -5.816549147474540287e-08
2.238721138568340052e+01 1.966023095119045321e-07 1.964687182826481910e-07 1.959128932914209950e-07 1.966886229827120352e-07 1.980807434684581421e-07 2.082629443739895296e-07 -2.977536726529273885e-08 -2.934061409673366449e-08 -2.955587550279361569e-08 -2.951998778645259645e-08 -2.981413295424646735e-08 -3.203718211126572126e-08
2.511886431509581996e+01 1.244164875495401136e-07 1.244852364962474623e-07 1.242506134196348569e-07 1.243382140253954971e-07 1.251090488847396521e-07 1.301751042876447054e-07 -1.676964020067803175e-08 -1.646749053125718038e-08 -1.657772014272434821e-08 -1.662257711564594117e-08 -1.674526925674623959e-08 -1.772439262775872867e-08
2.818382931264455138e+01 7.868671930463246947e-08 7.895266882658293058e-08 7.857851661522730303e-08 7.868682160999564174e-08 7.900245557603967587e-08 8.152674620977955907e-08 -9.441760767065426015e-09 -9.200799569425705312e-09 -9.331076672612364850e-09 -9.344267854532522281e-09 -9.407377596662189636e-09 -9.840011333222823621e-09
3.162277660168379256e+01 4.974093911707834874e-08 5.022615075068522994e-08 4.967104414996201113e-08 4.972880900655362309e-08 4.987912290582922843e-08 5.113831694961913164e-08 -5.314640504361257167e-09 -5.090670390728850385e-09 -5.251437700534629065e-09 -5.258218454710600842e-09 -5.286015900436468724e-09 -5.477702833070227470e-09
3.548133892335756912e+01 3.143106947384641448e-08 3.218309670318202529e-08 3.138120230790611109e-08 3.142153720743517557e-08 3.148761646608485601e-08 3.211622232433723279e-08 -2.990944194734243192e-09 -2.755288434152299169e-09 -2.956212695979144218e-09 -2.958305832424391647e-09 -2.970660552943855487e-09 -3.055784163793737622e-09
3.981071705534973404e+01 1.985507524138516847e-08 2.094506627059525412e-08 1.981042528599741210e-08 1.985203652030382782e-08 1.987541004186936397e-08 2.018942041442488639e-08 -1.682958709136380416e-09 -1.416166431235088292e-09 -1.665819658231805982e-09 -1.663961662626251360e-09 -1.669663640157751288e-09 -1.707394079180585799e-09
4.466835921509634488e+01 1.253944383937925970e-08 1.406261166309380195e-08 1.247084623293756792e-08 1.254344490171985219e-08 1.253957290270993431e-08 1.270180664264851065e-08 -9.468594775128309926e-10 -6.349206948151235922e-10 -9.436606281865925612e-10 -9.355457486811579451e-10 -9.405933898915580287e-10 -9.548561680481040264e-10
5.011872336272725192e+01 7.917743779604192303e-09 9.975395944525746474e-09 7.871304352467152248e-09 7.928121517297210785e-09 7.910750753203632086e-09 7.995498204155581474e-09 -5.326611676489652804e-10 -1.682734586298380112e-10 -5.318280711309013755e-10 -5.256219859801668836e-10 -5.292638480945756837e-10 -5.351597140880171545e-10
5.623413251903490817e+01 4.998712649854268990e-09 7.701438657668745773e-09 5.115802739873024735e-09 5.013852747612609160e-09 4.996852064361849765e-09 5.035537015350084967e-09 -2.996296830010949106e-10 1.206208795524345006e-10 -2.821790721877349819e-10 -2.950411664157022122e-10 -2.964859109047617849e-10 -3.000049650463586020e-10
6.309573444801936404e+01 3.155451150447961575e-09 6.566492504156529336e-09 3.380606804915588398e-09 3.175992858610807476e-09 3.153353971772963392e-09 3.172578202347157314e-09 -1.685363894648082150e-10 3.005752361116019937e-10 -1.428637999979817387e-10 -1.650725222079764190e-10 -1.666767719443300573e-10 -1.682805399010510147e-10
7.079457843841380793e+01 1.991694666734456890e-09 6.159812820113647792e-09 2.229210952552139522e-09 2.017556806862134049e-09 1.989984460492620179e-09 1.999450450092364948e-09 -9.479236702511629825e-11 4.139613054158955116e-10 -7.143982545246368186e-11 -9.179649284931623707e-11 -9.368690655497836180e-11 -9.443830711940998134e-11
7.943282347242821118e+01 1.257046336648713884e-09 6.147906414262946893e-09 1.504274346144816145e-09 1.287942476201214898e-09 1.255947138711807508e-09 1.260418851847162676e-09 -5.331684626250687717e-11 4.774472638616381327e-10 -3.184689255982732218e-11 -5.045905552577919395e-11 -5.262037168757448022e-11 -5.301602262148203520e-11
8.912509381337459047e+01 7.933286723652703937e-10 8.232455899496582283e-10 1.056894577944725621e-09 8.222020729460849520e-10 7.926837764825573220e-10 7.947026420173272815e-10 -2.998261704918392134e-11 -2.658751416223789164e-11 -2.397963126195925087e-11 -2.796172287111049313e-11 -2.954821322988724399e-11 -2.976915624899301767e-11
1.000000000000000000e+02 5.006499121590823661e-10 5.366954554146101541e-10 6.989328224411366850e-10 5.039631037970570454e-10 5.004396443682862516e-10 5.011507826922436943e-10 -1.686393392916894410e-11 -1.347865541676012598e-11 -3.349187813772360635e-12 -1.614425095258940665e-11 -1.656211581521324946e-11 -1.671535679947163490e-11
