# WT P(E=0.1) P(E=0.2) P(E=0.5) P(E=1.0) P(E=2.0) P(E=5.0)
0.000000000000000000e+00 -9.892475869938186991e-03 -1.973466180851489102e-02 -4.852782621355289372e-02 -9.256981230088774659e-02 -1.643869843044778456e-01 -2.976868900584043187e-01
6.220975551662956404e-02 -3.721764159833340375e-03 -7.415978732337086959e-03 -1.809662657706057748e-02 -3.373138275659953028e-02 -5.605609027423900936e-02 -7.837166761884718780e-02
1.244195110332591281e-01 2.465055777179318581e-03 4.944907175286145096e-03 1.260034388050477842e-02 2.652247389711275341e-02 5.916285172811519555e-02 1.810469314171935518e-01
1.866292665498887060e-01 8.643276185120627245e-03 1.729406593408741588e-02 4.335533739200773951e-02 8.736289464409312255e-02 1.774957644922962874e-01 4.494887324524522998e-01
2.488390220665182562e-01 1.478818873909407486e-02 2.957731556833390757e-02 7.395326861415266184e-02 1.478584301218459629e-01 2.938186731816225250e-01 6.636435473739722424e-01
3.110487775831478063e-01 2.087520847106657043e-02 4.174066479682289610e-02 1.041767316669594406e-01 2.070188788402808622e-01 4.020064929387348052e-01 7.677939635164550136e-01
3.732585330997774120e-01 2.687999750201447088e-02 5.373076028537668997e-02 1.338114873543105321e-01 2.638565647746740628e-01 4.960329845767025292e-01 8.115240659889180197e-01
4.354682886164069622e-01 3.277858706609309419e-02 6.549532713521077909e-02 1.626521251421272907e-01 3.174615135769089935e-01 5.719443383471702891e-01 8.392927209948912726e-01
4.976780441330365123e-01 3.854749634002629238e-02 7.698359124563494693e-02 1.905075461868521725e-01 3.670811101791468523e-01 6.296470331643649887e-01 8.586712931598311505e-01
5.598877996496660625e-01 4.416384666401814568e-02 8.814667268852402482e-02 2.172058858122278557e-01 4.121887671900993366e-01 6.724987553577448374e-01 8.735420929369677179e-01
6.220975551662956127e-01 4.960546985685447552e-02 9.893794026084991311e-02 2.425985084128616520e-01 4.525235866146364860e-01 7.048088279531897760e-01 8.849087244753690573e-01
6.843073106829251628e-01 5.485100948330946802e-02 1.093133188976959103e-01 2.665627712546859152e-01 4.880879576288273958e-01 7.299137457830804365e-01 8.941292030624867770e-01
7.465170661995548240e-01 5.988001412044944433e-02 1.192315435533055634e-01 2.890033632338203651e-01 5.191029152827646431e-01 7.499300142592474350e-01 9.014893944537962778e-01
8.087268217161843742e-01 6.467302188338933111e-02 1.286543553805682139e-01 3.098521667220862086e-01 5.459360062592630847e-01 7.661796408615900722e-01 9.076383838440600371e-01
8.709365772328139244e-01 6.921163570206355364e-02 1.375466384266723352e-01 3.290667423904065081e-01 5.690243549482782992e-01 7.795355556504549588e-01 9.126582320082750055e-01
9.331463327494434745e-01 7.347858907919485594e-02 1.458764974686656002e-01 3.466276714703940831e-01 5.888121736611819923e-01 7.906036704940594406e-01 9.169172772406755101e-01
9.953560882660730247e-01 7.745780229649580628e-02 1.536152798938998920e-01 3.625350834767556707e-01 6.057111489907697210e-01 7.998193191331967045e-01 9.204230022095742925e-01
1.057565843782702686e+00 8.113442926216055118e-02 1.607375465574745199e-01 3.768047360442332572e-01 6.200818745433345214e-01 8.075025429698985402e-01 9.234103621985477739e-01
1.119775599299332125e+00 8.449489539948287775e-02 1.672209982181963595e-01 3.894639968172980415e-01 6.322295457509319316e-01 8.138929329990896022e-01 9.258549809972295153e-01
1.181985354815961786e+00 8.752692715674469104e-02 1.730463653961846482e-01 4.005480172496004854e-01 6.424071080519130339e-01 8.191718415617926796e-01 9.279204924901611751e-01
1.244195110332591225e+00 9.021957386665227507e-02 1.781972702758368166e-01 4.100963039874108151e-01 6.508212229267017479e-01 8.234775926706993099e-01 9.295667627107565556e-01
1.306404865849220887e+00 9.256322279539787312e-02 1.826600696003962132e-01 4.181498052067255666e-01 6.576386134316426491e-01 8.269155592250755360e-01 9.309159822352464086e-01
1.368614621365850326e+00 9.454960829451942994e-02 1.864236874031894309e-01 4.247485522873052366e-01 6.629917745739043466e-01 8.295654858492593764e-01 9.319184503222532889e-01
1.430824376882479987e+00 9.617181600245980344e-02 1.894794459539427822e-01 4.299298400326623804e-01 6.669837463195764649e-01 8.314862855777707118e-01 9.326707389424138128e-01
1.493034132399109648e+00 9.742428303787641075e-02 1.918209025394194689e-01 4.337268931923510262e-01 6.696919397109141192e-01 8.327196652771258201e-01 9.331154201725686548e-01
1.555243887915739087e+00 9.830279508586596549e-02 1.934436987247076523e-01 4.361679506465570011e-01 6.711711055036435614e-01 8.332923005837822306e-01 9.333324262226245782e-01
1.617453643432368748e+00 9.880448120451654215e-02 1.943454276311752660e-01 4.372756964154828063e-01 6.714555573986014103e-01 8.332174899830991910e-01 9.332560552822424249e-01
1.679663398948998188e+00 9.892780707731851919e-02 1.945255235874045752e-01 4.370669735056436078e-01 6.705607575114281849e-01 8.324957692158200251e-01 9.329548857729041966e-01
1.741873154465627849e+00 9.867256731164042449e-02 1.939851773158218773e-01 4.355527281618876700e-01 6.684843592188240979e-01 8.311152493714120126e-01 9.323525655432430836e-01
1.804082909982257288e+00 9.803987724049087471e-02 1.927272786519508563e-01 4.327381452294930542e-01 6.652067899869110734e-01 8.290510300556422907e-01 9.315093386969984790e-01
1.866292665498886949e+00 9.703216452944211923e-02 1.907563876828593519e-01 4.286229480704679684e-01 6.606914482645064313e-01 8.262643723192070189e-01 9.303337502528995495e-01
1.928502421015516388e+00 9.565316072873469855e-02 1.880787341522954237e-01 4.232018477325172334e-01 6.548845862627695746e-01 8.227008420521291221e-01 9.288789918516084931e-01
1.990712176532146049e+00 9.390789274757557759e-02 1.847022440183505310e-01 4.164651353242517784e-01 6.477149558062663681e-01 8.182880679974957605e-01 9.270309477028543244e-01
2.052921932048775489e+00 9.180267406864350832e-02 1.806365911651127421e-01 4.083994186089597300e-01 6.390933084035057554e-01 8.129321477264317419e-01 9.248351394919619439e-01
2.115131687565405372e+00 8.934509537090785936e-02 1.758932714592145174e-01 3.989885086297288996e-01 6.289118639843774838e-01 8.065133216803127558e-01 9.221418227542502732e-01
2.177341443082034811e+00 8.654401409230771947e-02 1.704856956012825719e-01 3.882144646882101924e-01 6.170438956881553194e-01 7.988796992985870427e-01 9.189852241372475916e-01
2.239551198598664250e+00 8.340954234496004982e-02 1.644292965489479175e-01 3.760588061674340343e-01 6.033436200031685459e-01 7.898396560061828886e-01 9.151566174521275077e-01
2.301760954115293689e+00 7.995303249791244071e-02 1.577416466835108444e-01 3.625038974420978777e-01 5.876466301222845745e-01 7.791514004166616436e-01 9.106692014171313687e-01
2.363970709631923572e+00 7.618705966919048223e-02 1.504425793626103514e-01 3.475345073826875963e-01 5.697711607938499290e-01 7.665105088817586454e-01 9.052102259574164034e-01
2.426180465148553012e+00 7.212540032278622060e-02 1.425543090575773497e-01 3.311395376940283741e-01 5.495205174101647216e-01 7.515338958584533158e-01 8.987477475993805864e-01
2.488390220665182451e+00 6.778300614932673829e-02 1.341015439328400172e-01 3.133139045781718202e-01 5.266870297709186355e-01 7.337419608341841926e-01 8.907703100249929618e-01
2.550599976181812334e+00 6.317597242285089010e-02 1.251115845066587129e-01 2.940605461477786009e-01 5.010578890118513318e-01 7.125385194990396798e-01 8.811387663893904820e-01
2.612809731698441773e+00 5.832150007125936481e-02 1.156144019615372720e-01 2.733925139803345949e-01 4.724231817187005689e-01 6.871932626795079768e-01 8.689223490781146086e-01
2.675019487215071212e+00 5.323785077444750935e-02 1.056426897745134652e-01 2.513350917337763279e-01 4.405863383194313920e-01 6.568299625549410825e-01 8.537008989272336645e-01
2.737229242731700651e+00 4.794429451092252492e-02 9.523188263708751156e-02 2.279278675902638718e-01 4.053770594703883234e-01 6.204306249887702185e-01 8.335510668907424314e-01
2.799438998248330535e+00 4.246104910894829554e-02 8.442013715359929227e-02 2.032266714189535639e-01 3.666665779872961828e-01 5.768629610557433063e-01 8.072429574041303235e-01
2.861648753764959974e+00 3.680921151897461469e-02 7.324826956136105960e-02 1.773052731203507149e-01 3.243848653397035653e-01 5.249435707532394968e-01 7.703105918606675262e-01
2.923858509281589413e+00 3.101068070648339836e-02 6.175964671276198970e-02 1.502567270113084885e-01 2.785391142313876078e-01 4.635403152284547357e-01 7.192708273798378293e-01
2.986068264798219296e+00 2.508807226309761954e-02 5.000002779447945689e-02 1.221942399259017820e-01 2.292325330365704850e-01 3.917174596735684688e-01 6.442912150290420747e-01
3.048278020314848735e+00 1.906462504344812181e-02 3.801735571289378141e-02 9.325143976373262422e-02 1.766821755299830543e-01 3.089148512356963416e-01 5.386419905844664902e-01
3.110487775831478174e+00 1.296410034865528443e-02 2.586149871309639109e-02 6.358192853261895872e-02 1.212341893074025956e-01 2.151550819488156630e-01 3.894684102929738545e-01
3.172697531348107614e+00 6.810674387467395910e-03 1.358394456978496978e-02 3.335802161122817383e-02 6.337448198026132684e-02 1.112651558869343360e-01 1.942699336017387202e-01
3.234907286864737497e+00 6.288249452173389105e-04 1.237451522874272614e-03 2.768604940595401943e-03 3.732375968410373609e-03 -8.958446166557301922e-04 -4.811927805508962874e-02
3.297117042381366936e+00 -5.556786628760471830e-03 -1.112433805395665262e-02 -2.798391448835776951e-02 -5.692560147301846396e-02 -1.182301205900689045e-01 -3.165754755839741419e-01
3.359326797897996375e+00 -1.172143685016530275e-02 -2.344731356255601307e-02 -5.868753192356897935e-02 -1.177149197809705949e-01 -2.362760497492457090e-01 -5.693008565685716560e-01
3.421536553414625814e+00 -1.784046355841248377e-02 -3.567733249155049385e-02 -8.912533914284023751e-02 -1.776681583335709136e-01 -3.493280649040333974e-01 -7.279070246510073172e-01
3.483746308931255697e+00 -2.388938993480881762e-02 -4.776066678100308188e-02 -1.190808090615597392e-01 -2.357877053742646889e-01 -4.511124274426147607e-01 -7.930649234245914503e-01
3.545956064447885137e+00 -2.984404756936334668e-02 -5.964444812316654909e-02 -1.483434114531186343e-01 -2.911147607271842297e-01 -5.363593424788206665e-01 -8.266968920318672476e-01
3.608165819964514576e+00 -3.568069706989969447e-02 -7.127710078966653651e-02 -1.767142322803237908e-01 -3.428083385896021906e-01 -6.029178922014236663e-01 -8.497091345802920692e-01
3.670375575481144459e+00 -4.137614475761885319e-02 -8.260875080572563367e-02 -2.040112243456239927e-01 -3.902216590396435092e-01 -6.526505794157977380e-01 -8.666092182200060279e-01
3.732585330997773898e+00 -4.690785408840714155e-02 -9.359160105878273905e-02 -2.300737090561223441e-01 -4.329584644484414935e-01 -6.897308232162361330e-01 -8.795519978593573374e-01
3.794795086514403337e+00 -5.225405057574850076e-02 -1.041802632090633451e-01 -2.547657878407525445e-01 -4.708926239256133739e-01 -7.181056197216256765e-01 -8.897753221269699697e-01
3.857004842031032776e+00 -5.739381916387475968e-02 -1.143320390022450894e-01 -2.779784093229794029e-01 -5.041436407050435831e-01 -7.404617491262872608e-01 -8.979890687688182327e-01
3.919214597547662660e+00 -6.230719320207975254e-02 -1.240071456738909284e-01 -2.996299665376179755e-01 -5.330156680633149069e-01 -7.584632924815748467e-01 -9.047144129114124134e-01
3.981424353064292099e+00 -6.697523439470562390e-02 -1.331688824581398201e-01 -3.196654486526113725e-01 -5.579200962164323485e-01 -7.731765890386755880e-01 -9.102600563464136041e-01
4.043634108580921982e+00 -7.138010333726894918e-02 -1.417837376282249651e-01 -3.380543181702170275e-01 -5.793040319579274566e-01 -7.853251586140458373e-01 -9.148850554029961391e-01
4.105843864097550977e+00 -7.550512048819507660e-02 -1.498214378573429206e-01 -3.547874011409219430e-01 -5.975989305304896249e-01 -7.954208351383952325e-01 -9.187461117342379247e-01
4.168053619614180860e+00 -7.933481765805434904e-02 -1.572549438573664360e-01 -3.698731449481028610e-01 -6.131921843761016788e-01 -8.038359259061332862e-01 -9.219845385090997825e-01
4.230263375130810743e+00 -8.285498031568924726e-02 -1.640603981121526167e-01 -3.833336083740691569e-01 -6.264166223289684421e-01 -8.108468524732850291e-01 -9.246883920647170907e-01
4.292473130647439739e+00 -8.605268120486764261e-02 -1.702170319842097324e-01 -3.952005081551619448e-01 -6.375506654500979753e-01 -8.166618020546416723e-01 -9.269383570078317813e-01
4.354682886164069622e+00 -8.891630593004280769e-02 -1.757070404863895763e-01 -4.055115714986837760e-01 -6.468233113952351898e-01 -8.214391048765260495e-01 -9.287875230585918018e-01
4.416892641680698617e+00 -9.143557130009488665e-02 -1.805154335593532611e-01 -4.143073554839536987e-01 -6.544204862709829262e-01 -8.252995265588818352e-01 -9.302817040030029183e-01
4.479102397197328500e+00 -9.360153731162008939e-02 -1.846298728002497003e-01 -4.216286101083512317e-01 -6.604911416127816626e-01 -8.283349084511288929e-01 -9.314543831138351049e-01
4.541312152713958383e+00 -9.540661370669978325e-02 -1.880405022956967431e-01 -4.275141940431783638e-01 -6.651525089583649741e-01 -8.306140443771099502e-01 -9.323290084762718699e-01
4.603521908230587378e+00 -9.684456205431767051e-02 -1.907397815895733040e-01 -4.319995059550048033e-01 -6.684943917055072848e-01 -8.321869088331325104e-01 -9.329269922887881705e-01
4.665731663747217262e+00 -9.791049428137910127e-02 -1.927223279402159317e-01 -4.351153688467364056e-01 -6.705825489042148702e-01 -8.330874394259987215e-01 -9.332555124330234042e-01
4.727941419263847145e+00 -9.860086852142659064e-02 -1.939847739708628893e-01 -4.368872962367962853e-01 -6.714612771288598347e-01 -8.333355024096906760e-01 -9.333276515845180255e-01
4.790151174780476140e+00 -9.891348306078653896e-02 -1.945256456643882914e-01 -4.373350719306983714e-01 -6.711553020885980825e-01 -8.329379390270277295e-01 -9.331367795951627242e-01
4.852360930297106023e+00 -9.884746904756223917e-02 -1.943452644606489255e-01 -4.364725848119139218e-01 -6.696710817347315547e-01 -8.318891059339197369e-01 -9.326892474195571658e-01
4.914570685813735906e+00 -9.840328249409725780e-02 -1.934456760307443346e-01 -4.343078727390543570e-01 -6.669976094313954107e-01 -8.301706785695111002e-01 -9.319644901912200741e-01
4.976780441330364901e+00 -9.758269595360853643e-02 -1.918306071617683073e-01 -4.308433427582284980e-01 -6.631067948627963338e-01 -8.277510202353002278e-01 -9.309621687078035723e-01
5.038990196846994785e+00 -9.638879009241600737e-02 -1.895054511096087302e-01 -4.260761469297348891e-01 -6.579534947481077145e-01 -8.245837798770914162e-01 -9.296451129952718606e-01
5.101199952363624668e+00 -9.482594521611623084e-02 -1.864772807766623408e-01 -4.199987033622527011e-01 -6.514752668474014241e-01 -8.206059326317665104e-01 -9.280047189688445108e-01
5.163409707880253663e+00 -9.289983264636485216e-02 -1.827548881486530108e-01 -4.125993602174760078e-01 -6.435919302982368029e-01 -8.157348123553256336e-01 -9.259811123181291848e-01
5.225619463396883546e+00 -9.061740568992474043e-02 -1.783488475777714743e-01 -4.038632063819675433e-01 -6.342050338796061393e-01 -8.098642612354652881e-01 -9.235534742432427446e-01
5.287829218913512541e+00 -8.798688979785794506e-02 -1.732715997240767691e-01 -3.937730361626514131e-01 -6.231973619252132446e-01 -8.028592927359712306e-01 -9.206273653482188735e-01
5.350038974430142424e+00 -8.501777138453280036e-02 -1.675375522600955902e-01 -3.823104767091825007e-01 -6.104326452027560856e-01 -7.945492866882255534e-01 -9.171614159326224591e-01
5.412248729946772308e+00 -8.172078466740639868e-02 -1.611631928041106498e-01 -3.694572858370376300e-01 -5.957556897450432265e-01 -7.847189368650521191e-01 -9.130036366597017450e-01
5.474458485463401303e+00 -7.810789580275386002e-02 -1.541672089794503542e-01 -3.551968244412643805e-01 -5.789931868865813014e-01 -7.730969379530091556e-01 -9.080744804758230648e-01
5.536668240980031186e+00 -7.419228353248820407e-02 -1.465706100086206221e-01 -3.395157016901981795e-01 -5.599555163720064677e-01 -7.593416440010443136e-01 -9.021175848948104203e-01
5.598877996496661069e+00 -6.998831552552782498e-02 -1.383968438563022985e-01 -3.224055826678046133e-01 -5.384398919967813280e-01 -7.430241527239617172e-01 -8.949757006367864420e-01
5.661087752013290064e+00 -6.551151959538079050e-02 -1.296719036526882696e-01 -3.038651371948529190e-01 -5.142352137860944916e-01 -7.236089876187861147e-01 -8.861847569702536731e-01
5.723297507529919947e+00 -6.077854900500324897e-02 -1.204244169809975951e-01 -2.839020954549133502e-01 -4.871289690098979941e-01 -7.004349199180258667e-01 -8.754128400343641481e-01
5.785507263046549831e+00 -5.580714113087828498e-02 -1.106857116252446399e-01 -2.625353612180424956e-01 -4.569164545668886190e-01 -6.726993421586152655e-01 -8.617357939996227456e-01
5.847717018563178826e+00 -5.061606884996014410e-02 -1.004898515720475394e-01 -2.397971175360964768e-01 -4.234124681528376732e-01 -6.394534443392752010e-01 -8.443819995224031150e-01
5.909926774079808709e+00 -4.522508413456270693e-02 -8.987363746718332602e-02 -2.157348436354541987e-01 -3.864654349207211070e-01 -5.996165861815704323e-01 -8.212850123302957162e-01
5.972136529596438592e+00 -3.965485348861011450e-02 -7.887656636280573896e-02 -1.904131464217783953e-01 -3.459737073847194977e-01 -5.520207045030700588e-01 -7.904529099024859562e-01
6.034346285113067587e+00 -3.392688503078390705e-02 -6.754074646679164573e-02 -1.639152968101132146e-01 -3.019035116530955354e-01 -4.954924535590635726e-01 -7.468608342785085785e-01
6.096556040629697470e+00 -2.806344722135042241e-02 -5.591076372294435937e-02 -1.363443514865047557e-01 -2.543077255290610572e-01 -4.289774794598698038e-01 -6.854609540445530946e-01
6.158765796146326466e+00 -2.208747943436210198e-02 -4.403349839857467057e-02 -1.078237364021830957e-01 -2.033443705583635464e-01 -3.517034080793130513e-01 -5.958351260848432362e-01
6.220975551662956349e+00 -1.602249478944851521e-02 -3.195789140746819329e-02 -7.849717122552841986e-02 -1.492933760145105371e-01 -2.633744665073030622e-01 -4.700692381836428235e-01
