# WT P(E=0.1) P(E=0.2) P(E=0.5) P(E=1.0) P(E=2.0) P(E=5.0)
0.000000000000000000e+00 -9.919650838695226892e-04 -1.983930174036683571e-03 -4.959825544255821138e-03 -9.919651870127839388e-03 -1.983930998995763265e-02 -4.959838459057053228e-02
6.220975551662956404e-02 -9.955965332747020256e-04 -1.991193070743245939e-03 -4.977982749140069142e-03 -9.955966016370044330e-03 -1.991193617366388696e-02 -4.977991306551299983e-02
1.244195110332591281e-01 -9.953762130992687730e-04 -1.990752428245820028e-03 -4.976881105157962906e-03 -9.953762458952743544e-03 -1.990752690211778503e-02 -4.976885206214908680e-02
1.866292665498887060e-01 -9.913049757219116135e-04 -1.982609951335602069e-03 -4.956524874673934322e-03 -9.913049725713239668e-03 -1.982609925495686098e-02 -4.956524470222235107e-02
2.488390220665182562e-01 -9.833985719721850208e-04 -1.966797141705324721e-03 -4.916992812319215603e-03 -9.833985329104616771e-03 -1.966796828170477157e-02 -4.916987904363167433e-02
3.110487775831478063e-01 -9.716875901931561156e-04 -1.943375176073957721e-03 -4.858437860293482458e-03 -9.716875156710071820e-03 -1.943374578213850901e-02 -4.858428501973312275e-02
3.732585330997774120e-01 -9.562173379010524988e-04 -1.912434669504952528e-03 -4.781086556649594838e-03 -9.562172287732175618e-03 -1.912433793860570178e-02 -4.781072850847052635e-02
4.354682886164069622e-01 -9.370476664989465165e-04 -1.874095324833194515e-03 -4.685238158852281579e-03 -9.370475240021918645e-03 -1.874094180945189148e-02 -4.685220255468981743e-02
4.976780441330365123e-01 -9.142527397235428914e-04 -1.828505469556913985e-03 -4.571263485996911007e-03 -9.142525654442013039e-03 -1.828504069715427768e-02 -4.571241578002282341e-02
5.598877996496660625e-01 -8.879207467199807125e-04 -1.775841481987012159e-03 -4.439603484174024089e-03 -8.879205425524380746e-03 -1.775839840911124651e-02 -4.439577802551573221e-02
6.220975551662956127e-01 -8.581535608549353648e-04 -1.716307108872570280e-03 -4.290767520527793630e-03 -8.581533289524932370e-03 -1.716305243330606967e-02 -4.290738328292319909e-02
6.843073106829251628e-01 -8.250663455882658540e-04 -1.650132677144019577e-03 -4.125331412605905482e-03 -8.250660883076675958e-03 -1.650130605526935190e-02 -4.125298998091153635e-02
7.465170661995548240e-01 -7.887871089283741283e-04 -1.577574202823158649e-03 -3.943935200630277124e-03 -7.887868287697118869e-03 -1.577571944684849625e-02 -3.943899870274770320e-02
8.087268217161843742e-01 -7.494562081936696762e-04 -1.498912400546131667e-03 -3.747280671304545341e-03 -7.494559077382931256e-03 -1.498909976127132601e-02 -3.747242742169731855e-02
8.709365772328139244e-01 -7.072258069975637367e-04 -1.414451597533598285e-03 -3.536128642735409094e-03 -7.072254888453707346e-03 -1.414449027282908659e-02 -3.536088435014227149e-02
9.331463327494434745e-01 -6.622592865571529010e-04 -1.324518556208434568e-03 -3.311296020980064071e-03 -6.622589532658583814e-03 -1.324515860319094157e-02 -3.311253850731261938e-02
9.953560882660730247e-01 -6.147306136028164161e-04 -1.229461210015380355e-03 -3.073652639598054709e-03 -6.147302676313577512e-03 -1.229458407990465831e-02 -3.073608811954403608e-02
1.057565843782702686e+00 -5.648236673352057544e-04 -1.129647317335361664e-03 -2.824117894440521769e-03 -5.648233109925982279e-03 -1.129644427596613113e-02 -2.824072697502909290e-02
1.119775599299332125e+00 -5.127315280318335295e-04 -1.025463038700276386e-03 -2.563657186694700933e-03 -5.127311634342409177e-03 -1.025460078253598306e-02 -2.563610886308733544e-02
1.181985354815961786e+00 -4.586557300575799605e-04 -9.173114428143521078e-04 -2.293278187942586130e-03 -4.586553590937693034e-03 -9.173084269809866909e-03 -2.293231023522334863e-02
1.244195110332591225e+00 -4.028054821674185168e-04 -8.056109471600051645e-04 -2.014026941686779693e-03 -4.028051064745067321e-03 -8.056078893834436525e-03 -2.013979123203636298e-02
1.306404865849220887e+00 -3.453968581178725882e-04 -6.907936992238103468e-04 -1.726983816421120022e-03 -3.453964790683781809e-03 -6.907906109557621771e-03 -1.726935522647764926e-02
1.368614621365850326e+00 -2.866519607204877731e-04 -5.733039046021786963e-04 -1.433259325907025204e-03 -2.866515794196245262e-03 -5.733007952720033107e-03 -1.433210703951424102e-02
1.430824376882479987e+00 -2.267980625687595871e-04 -4.535961084577965754e-04 -1.133989832822723288e-03 -2.267976798631796652e-03 -4.535929855235277738e-03 -1.133940998944666170e-02
1.493034132399109648e+00 -1.660667267648594804e-04 -3.321334369733888693e-04 -8.303331524071946596e-04 -1.660663432617803066e-03 -3.321303060522852631e-03 -8.302841940679291446e-03
1.555243887915739087e+00 -1.046929110469422799e-04 -2.093858056076100288e-04 -5.234640731087063324e-04 -1.046925271427971878e-03 -2.093826706787874775e-03 -5.234150521566566759e-03
1.617453643432368748e+00 -4.291405878341527204e-05 -8.582810108385976696e-05 -2.145698115644912403e-04 -4.291367470053263490e-04 -8.582496475637280652e-04 -2.145207684244036100e-03
1.679663398948998188e+00 1.903081964914371565e-05 3.806165585315678411e-05 9.515458050122395785e-05 1.903120381898463489e-04 3.806479202020550878e-04 9.520362180987325049e-04
1.741873154465627849e+00 8.090207155098946357e-05 1.618041598071120535e-04 4.045108396955694394e-04 8.090245579791347777e-04 1.618072949425358991e-03 4.045598659028286012e-03
1.804082909982257288e+00 1.424603290684246511e-04 2.849206750685953464e-04 7.123021268006663733e-04 1.424607134131727687e-03 2.849238086020969025e-03 7.123511293200488967e-03
1.866292665498886949e+00 2.034674352622176888e-04 4.069348877510299859e-04 1.017337657110703843e-03 2.034678197029194443e-03 4.069380190133181814e-03 1.017386625794259973e-02
1.928502421015516388e+00 2.636873654896099020e-04 5.273747485570491871e-04 1.318437307346451018e-03 2.636877499509005483e-03 5.273778763847845885e-03 1.318486224302280706e-02
1.990712176532146049e+00 3.228871405385453741e-04 6.457742990453423093e-04 1.614436181326184662e-03 3.228875248222894036e-03 6.457774214057934899e-03 1.614485015038862742e-02
2.052921932048775489e+00 3.808377279787623134e-04 7.616754743339601997e-04 1.904189116726323627e-03 3.808381117204852166e-03 7.616785879834792744e-03 1.904237816707812780e-02
2.115131687565405372e+00 4.373149282435198171e-04 8.746298752661180783e-04 2.186575115498045219e-03 4.373153108750257347e-03 8.746329754554275568e-03 2.186623607679458528e-02
2.177341443082034811e+00 4.921002420146586200e-04 9.842005031791005616e-04 2.460501680800205194e-03 4.921006227348300247e-03 9.842035834190096186e-03 2.460549863847911675e-02
2.239551198598664250e+00 5.449817155538366070e-04 1.089963450568845905e-03 2.724909043664814137e-03 5.449820933084926350e-03 1.089966502464179490e-02 2.724956786373861420e-02
2.301760954115293689e+00 5.957547607102737326e-04 1.191509541106830451e-03 2.978774263049854473e-03 5.957551341822895676e-03 1.191512554266681810e-02 2.978821402928540779e-02
2.363970709631923572e+00 6.442229464331326698e-04 1.288445912664480707e-03 3.221115183408420051e-03 6.442233140427997690e-03 1.288448874693606978e-02 3.221161526527419050e-02
2.426180465148553012e+00 6.901987587248418999e-04 1.380397537221847307e-03 3.450994234470478820e-03 6.901991186411816220e-03 1.380400433793957382e-02 3.451039556605371011e-02
2.488390220665182451e+00 7.335043260962782925e-04 1.467008671779355782e-03 3.667522058531834644e-03 7.335046762590900597e-03 1.467011486792696266e-02 3.667566107578147661e-02
2.550599976181812334e+00 7.739721077176062603e-04 1.547944234658662392e-03 3.869860951215774256e-03 7.739724458684840019e-03 1.547946950467838159e-02 3.869903450822673868e-02
2.612809731698441773e+00 8.114455416008914618e-04 1.622891101869985541e-03 4.057228102400433148e-03 8.114458653238990418e-03 1.622893699589346775e-02 4.057268756706201851e-02
2.675019487215071212e+00 8.457796503083637530e-04 1.691559318528585484e-03 4.228898624767120883e-03 8.457799570776032561e-03 1.691561778395897497e-02 4.228937124103458040e-02
2.737229242731700651e+00 8.768416018418641626e-04 1.753683220634099336e-03 4.384208358255868229e-03 8.768418890755183201e-03 1.753685522424349580e-02 4.384244385632826702e-02
2.799438998248330535e+00 9.045112235442985104e-04 1.809022462873654310e-03 4.522556439577783520e-03 9.045114886625576708e-03 1.809024586349012101e-02 4.522589677745347120e-02
2.861648753764959974e+00 9.286814670240535387e-04 1.857362948471211932e-03 4.643407626841449844e-03 9.286817075096754498e-03 1.857364873852715773e-02 4.643437765695689057e-02
2.923858509281589413e+00 9.492588223047992557e-04 1.898517657486072270e-03 4.746294370301728377e-03 9.492590357639826143e-03 1.898519365931530811e-02 4.746321114394012192e-02
2.986068264798219296e+00 9.661636795972835309e-04 1.932327370356932798e-03 4.830818621218015141e-03 9.661638638188163944e-03 1.932328844428983505e-02 4.830841697117006783e-02
3.048278020314848735e+00 9.793306372939828211e-04 1.958661283890698272e-03 4.896653371824434033e-03 9.793307903054142977e-03 1.958662508000202918e-02 4.896672535086833700e-02
3.110487775831478174e+00 9.887087549953902429e-04 1.977417517313966380e-03 4.943543920454573568e-03 9.887088751136210996e-03 1.977418478123599277e-02 4.943558961970759280e-02
3.172697531348107614e+00 9.942617505881161562e-04 1.988523506429386561e-03 4.971308856926701276e-03 9.942618364636028258e-03 1.988524193203209528e-02 4.971319608426937042e-02
3.234907286864737497e+00 9.959681406136802750e-04 1.991936284351245381e-03 4.979840764373827389e-03 9.959681912660466041e-03 1.991936689240647596e-02 4.979847102912861312e-02
3.297117042381366936e+00 9.938213233833897119e-04 1.987642647735376154e-03 4.969106634811579215e-03 9.938213382278128852e-03 1.987642765989237892e-02 4.969108486076745379e-02
3.359326797897996375e+00 9.878296045190122863e-04 1.975659207859147698e-03 4.939147996827016399e-03 9.878295833823349387e-03 1.975659037953151481e-02 4.939145337159712990e-02
3.421536553414625814e+00 9.780161648197385413e-04 1.956032326354518406e-03 4.890080754901941947e-03 9.780161079457493425e-03 1.956031870034488293e-02 4.890073611963965255e-02
3.483746308931255697e+00 9.644189705801534465e-04 1.928837935842682731e-03 4.822094740989551695e-03 9.644188786238173244e-03 1.928837198080319421e-02 4.822083193050639288e-02
3.545956064447885137e+00 9.470906267059951917e-04 1.894181246164760007e-03 4.735452980079884674e-03 9.470905007163743505e-03 1.894180235027438305e-02 4.735437153951149725e-02
3.608165819964514576e+00 9.260981731954922181e-04 1.852196337344447696e-03 4.630490672595790821e-03 9.260980145888208018e-03 1.852195063783351747e-02 4.630470740279511721e-02
3.670375575481144459e+00 9.015228257751406286e-04 1.803045640857265557e-03 4.507613897559840412e-03 9.015226362974443353e-03 1.803044118421102265e-02 4.507590071726495784e-02
3.732585330997773898e+00 8.734596616913252540e-04 1.746919311214268754e-03 4.367298041542588306e-03 8.734594433730423144e-03 1.746917555697578839e-02 4.367270569989933210e-02
3.794795086514403337e+00 8.420172518749773896e-04 1.684034490290925098e-03 4.210085959479198045e-03 8.420170069784474465e-03 1.684032519328843361e-02 4.210055118757427550e-02
3.857004842031032776e+00 8.073172409019639542e-04 1.614634467246464167e-03 4.036585874463297433e-03 8.073169718632762504e-03 1.614632299870313176e-02 4.036551962882839462e-02
3.919214597547662660e+00 7.694938763734874513e-04 1.538987737285678163e-03 3.847469024647634257e-03 7.694935857412175950e-03 1.538985393452789278e-02 3.847432354899815721e-02
3.981424353064292099e+00 7.286934895386126473e-04 1.457386962903112681e-03 3.643467066352243638e-03 7.286931799110700318e-03 1.457384463017429715e-02 3.643427957992704386e-02
4.043634108580921982e+00 6.850739291667334819e-04 1.370147841628728677e-03 3.425369243429687155e-03 6.850736031302139331e-03 1.370145206067994829e-02 3.425328015468308285e-02
4.105843864097550977e+00 6.388039508617780575e-04 1.277607884656602796e-03 3.194019333838207277e-03 6.388036109312581270e-03 1.277605133320667240e-02 3.193976297681516696e-02
4.168053619614180860e+00 5.900625641791786653e-04 1.180125111079587986e-03 2.950312385232596764e-03 5.900622127446798239e-03 1.180122262976472658e-02 2.950267838209530424e-02
4.230263375130810743e+00 5.390383400731796164e-04 1.078076662784225800e-03 2.695191252206594577e-03 5.390379793521540841e-03 1.078073735665669233e-02 2.695145471881618682e-02
4.292473130647439739e+00 4.859286813523104554e-04 9.718573453628840319e-04 2.429642948579505829e-03 4.859283133507913757e-03 9.718543554213520189e-03 2.429596188034151630e-02
4.354682886164069622e+00 4.309390589662896167e-04 8.618781006885483775e-04 2.154694828842061358e-03 4.309386854496789418e-03 8.618750623258624941e-03 2.154647313067764927e-02
4.416892641680698617e+00 3.742822170790301856e-04 7.485644170619093788e-04 1.871410613531262904e-03 3.742818395531097211e-03 7.485613427348664604e-03 1.871362537039581928e-02
4.479102397197328500e+00 3.161773500028047931e-04 6.323546830804751152e-04 1.580886273913953682e-03 3.161769697059130073e-03 6.323515832280128535e-03 1.580837799623049933e-02
4.541312152713958383e+00 2.568492541779820136e-04 5.136984915998838884e-04 1.284245791898989356e-03 2.568488720843885298e-03 5.136953746543809936e-03 1.284197051311294219e-02
4.603521908230587378e+00 1.965274584796534909e-04 3.930549003469242342e-04 9.826368115790459941e-04 1.965270753133510715e-03 3.930517728250236716e-03 9.825879062253281560e-03
4.665731663747217262e+00 1.354453362147843001e-04 2.708906559158297104e-04 6.772261992303176383e-04 1.354449524734312182e-03 2.708875225860632625e-03 6.771772033014324468e-03
4.727941419263847145e+00 7.383920224629864277e-05 1.476783880171053892e-04 3.691955289431725785e-04 7.383881823425960788e-04 1.476752521364445552e-03 3.691464929956091070e-03
4.790151174780476140e+00 1.194739873711510598e-05 2.389478096498637695e-05 5.973651134899437583e-05 1.194701460557905288e-04 2.389164457474790624e-04 5.968746693258143417e-04
4.852360930297106023e+00 -4.999062694983484904e-05 -9.998127051993435156e-05 -2.499536168699680538e-04 -4.999101115631572612e-04 -9.998440625197560321e-04 -2.500026518482243928e-03
4.914570685813735906e+00 -1.117352486263754419e-04 -2.234705140618279632e-04 -5.586767248513144169e-04 -1.117356329197428336e-03 -2.234736484645283294e-03 -5.587257402387453206e-03
4.976780441330364901e+00 -1.730475883464075478e-04 -3.460951937640628314e-04 -8.652384228858040101e-04 -1.730479727427243486e-03 -3.460983262673650567e-03 -8.652874100972646546e-03
5.038990196846994785e+00 -2.336904405785456993e-04 -4.673808985532716524e-04 -1.168452683278319503e-03 -2.336908250455728159e-03 -4.673840282895274333e-03 -1.168501629053041169e-02
5.101199952363624668e+00 -2.934291899078012890e-04 -5.868583975848797301e-04 -1.467146428859837735e-03 -2.934295743144824282e-03 -5.868615230012224314e-03 -1.467195309201363776e-02
5.163409707880253663e+00 -3.520327187171708541e-04 -7.040654556058250149e-04 -1.760164071398187535e-03 -3.520331027873878360e-03 -7.040685741041078846e-03 -1.760212845932017378e-02
5.225619463396883546e+00 -4.092743013369874250e-04 -8.185486212541463226e-04 -2.046371982350388922e-03 -4.092746846086510286e-03 -8.185517288712156406e-03 -2.046420589320124134e-02
5.287829218913512541e+00 -4.649324812024425708e-04 -9.298649813749534964e-04 -2.324662878657863391e-03 -4.649328629939032675e-03 -9.298680725168857394e-03 -2.324711230758528049e-02
5.350038974430142424e+00 -5.187919276259248588e-04 -1.037583874566431552e-03 -2.593960106618381414e-03 -5.187923070114203172e-03 -1.037586941806997037e-02 -2.594008087834259041e-02
5.412248729946772308e+00 -5.706442688696674497e-04 -1.141288557325604355e-03 -2.853221807259805846e-03 -5.706446446642445686e-03 -1.141291591278139651e-02 -2.853269270841363170e-02
5.474458485463401303e+00 -6.202888982961181352e-04 -1.240577816350067709e-03 -3.101444947101106818e-03 -6.202892690504515326e-03 -1.240580805617396559e-02 -3.101491714776652073e-02
5.536668240980031186e+00 -6.675337504753279258e-04 -1.335067520754530971e-03 -3.337669198705422915e-03 -6.675341144821885821e-03 -1.335070451961426624e-02 -3.337715061174687664e-02
5.598877996496661069e+00 -7.121960442496072432e-04 -1.424392108199975041e-03 -3.560980656011509052e-03 -7.121963995599481581e-03 -1.424394966108135513e-02 -3.561025374729177850e-02
5.661087752013290064e+00 -7.541029898780296807e-04 -1.508205999184338876e-03 -3.770515370069887819e-03 -7.541033343280198475e-03 -1.508208766886630359e-02 -3.770558680283109948e-02
5.723297507529919947e+00 -7.930924575265277474e-04 -1.586184934023568156e-03 -3.965462691505119985e-03 -7.930927887735351317e-03 -1.586187593212502051e-02 -3.965504306450463173e-02
5.785507263046549831e+00 -8.290136045170341675e-04 -1.658027227349598634e-03 -4.145068406768882482e-03 -8.290139200836431008e-03 -1.658029758652299415e-02 -4.145108022916055290e-02
5.847717018563178826e+00 -8.617274589083543084e-04 -1.723454935273394236e-03 -4.308637656055332166e-03 -8.617277562337703756e-03 -1.723457318642012542e-02 -4.308674959222714984e-02
5.909926774079808709e+00 -8.911074571517869436e-04 -1.782214930696485004e-03 -4.455537621584360237e-03 -8.911077336477276484e-03 -1.782217145841519593e-02 -4.455572293742181278e-02
5.972136529596438592e+00 -9.170399337410017546e-04 -1.834079882610076782e-03 -4.585199975855196869e-03 -9.170401868513651522e-03 -1.834081909463544657e-02 -4.585231702388624375e-02
6.034346285113067587e+00 -9.394245609618108667e-04 -1.878849135595498949e-03 -4.697123080398372084e-03 -9.394247882233962635e-03 -1.878850954787216615e-02 -4.697151557595538596e-02
6.096556040629697470e+00 -9.581747370405095752e-04 -1.916349486120004194e-03 -4.790873926517011730e-03 -9.581749361435678777e-03 -1.916351079452902062e-02 -4.790898869037096136e-02
6.158765796146326466e+00 -9.732179211894302542e-04 -1.946435852628064771e-03 -4.866089810512147507e-03 -9.732180900354794190e-03 -1.946437203535637817e-02 -4.866110958580006224e-02
6.220975551662956349e+00 -9.844959142531833039e-04 -1.968991836832578723e-03 -4.922479736909125304e-03 -9.844960510084765914e-03 -1.968992930804272512e-02 -4.922496863002478323e-02
