# WT P(E=0.1) P(E=0.2) P(E=0.5) P(E=1.0) P(E=2.0) P(E=5.0)
0.000000000000000000e+00 -9.892679669759025726e-03 -1.973511451549832957e-02 -4.852963477003854192e-02 -9.257649678780581481e-02 -1.644096433557478143e-01 -2.977584486067184621e-01
6.220975551662956404e-02 -3.721906068517317340e-03 -7.416300964973823739e-03 -1.809802202767667526e-02 -3.373704771271415770e-02 -5.607783557063336644e-02 -7.846644867774738019e-02
1.244195110332591281e-01 2.464976615903550182e-03 4.944719191342492395e-03 1.259941195368159510e-02 2.651826311448506057e-02 5.914516534436837364e-02 1.809672980285922661e-01
1.866292665498887060e-01 8.643260305036083030e-03 1.729401482600522594e-02 4.335490911355758398e-02 8.736053976930435727e-02 1.774858471495076584e-01 4.494717566969217981e-01
2.488390220665182562e-01 1.478823634089101134e-02 2.957740271979357460e-02 7.395337056551376520e-02 1.478582390201708119e-01 2.938198452594725785e-01 6.637221899745742171e-01
3.110487775831478063e-01 2.087531941619921033e-02 4.174089028438129900e-02 1.041773742044866113e-01 2.070209990497491881e-01 4.020198859005960079e-01 7.678376095274210833e-01
3.732585330997774120e-01 2.688017131128046106e-02 5.373112285162573443e-02 1.338126628551652708e-01 2.638609259365409243e-01 4.960554522752477768e-01 8.115274400503894592e-01
4.354682886164069622e-01 3.277882292304826195e-02 6.549582420113432557e-02 1.626538074921336785e-01 3.174677993088782513e-01 5.719684984467843236e-01 8.392957219128824864e-01
4.976780441330365123e-01 3.854779309918576757e-02 7.698421896260126962e-02 1.905096917153441538e-01 3.670887803669909966e-01 6.296657766106765752e-01 8.586712451626277165e-01
5.598877996496660625e-01 4.416420286362572611e-02 8.814742602828569418e-02 2.172084357112999409e-01 4.121971403602389117e-01 6.725101192570707154e-01 8.735430915424950982e-01
6.220975551662956127e-01 4.960588373588058209e-02 9.893881313979364933e-02 2.426013924737344396e-01 4.525319679386838323e-01 7.048149731852486610e-01 8.849085358264011658e-01
6.843073106829251628e-01 5.485147900214212835e-02 1.093143043297967187e-01 2.665659125495500881e-01 4.880957718505813947e-01 7.299171552839827104e-01 8.941296906904707686e-01
7.465170661995548240e-01 5.988053698468843306e-02 1.192326338246370021e-01 2.890066832137904163e-01 5.191097953107918217e-01 7.499320752431820614e-01 9.014892238583702699e-01
8.087268217161843742e-01 6.467359557001199633e-02 1.286555422372619439e-01 3.098555901330264373e-01 5.459418090731091855e-01 7.661809839376327869e-01 9.076386781602748810e-01
8.709365772328139244e-01 6.921225748721050730e-02 1.375479132676820093e-01 3.290702014514909624e-01 5.690291141479831838e-01 7.795364812968335055e-01 9.126580898417914200e-01
9.331463327494434745e-01 7.347925606675959065e-02 1.458778515348225502e-01 3.466311089083591312e-01 5.888160244238849206e-01 7.906043367790867027e-01 9.169174812564605537e-01
9.953560882660730247e-01 7.745851144674277544e-02 1.536167044454259667e-01 3.625384542242214292e-01 6.057142608534371586e-01 7.998198176860437103e-01 9.204228822479534333e-01
1.057565843782702686e+00 8.113517741960228624e-02 1.607390330332192641e-01 3.768080076372199994e-01 6.200844091728551222e-01 8.075029284292308818e-01 9.234105184078517103e-01
1.119775599299332125e+00 8.449567931936342868e-02 1.672225383713433211e-01 3.894671487110749064e-01 6.322316388824527067e-01 8.138932407024319637e-01 9.258548764355918337e-01
1.181985354815961786e+00 8.752774352950164205e-02 1.730479514028346322e-01 4.005510393789797896e-01 6.424088666889054000e-01 8.191720943219836792e-01 9.279206217683556579e-01
1.244195110332591225e+00 9.022041933989254081e-02 1.781988948145647456e-01 4.100991949209700227e-01 6.508227292425293742e-01 8.234778065623665766e-01 9.295666680609238064e-01
1.306404865849220887e+00 9.256409399302571728e-02 1.826617259024755358e-01 4.181525702010229772e-01 6.576399302703356264e-01 8.269157449507084090e-01 9.309160963570999314e-01
1.368614621365850326e+00 9.455050183278941589e-02 1.864253692745565516e-01 4.247512014657125468e-01 6.629929504424489917e-01 8.295656519021366027e-01 9.319183613501001995e-01
1.430824376882479987e+00 9.617272850284039332e-02 1.894811477710930947e-01 4.299323868226060941e-01 6.669848193598987285e-01 8.314864379208675160e-01 9.326708455113359442e-01
1.493034132399109648e+00 9.742521113676921862e-02 1.918226192222202697e-01 4.337293530751038517e-01 6.696929407245975074e-01 8.327198092158183407e-01 9.331153332619421814e-01
1.555243887915739087e+00 9.830373544129106245e-02 1.934454256896045443e-01 4.361703402154660236e-01 6.711720602321744611e-01 8.332924399847820851e-01 9.333325311098924493e-01
1.617453643432368748e+00 9.880543050004804428e-02 1.943471607284962821e-01 4.372780327031739467e-01 6.714564882554761027e-01 8.332176290206132485e-01 9.332559670810576247e-01
1.679663398948998188e+00 9.892876202355396775e-02 1.945272590264544299e-01 4.370692735244564586e-01 6.705616849317577177e-01 8.324959113520522536e-01 9.329549943706114679e-01
1.741873154465627849e+00 9.867352464565112835e-02 1.939869115813184497e-01 4.355550085987001108e-01 6.684853027591158847e-01 8.311153989611244075e-01 9.323524724457938895e-01
1.804082909982257288e+00 9.804083372368262161e-02 1.927290084150740102e-01 4.327404222405814016e-01 6.652077692747343507e-01 8.290511911943398982e-01 9.315094570676147878e-01
1.866292665498886949e+00 9.703311694433790213e-02 1.907581097099000089e-01 4.286252371297918917e-01 6.606924838672403322e-01 8.262645507237127429e-01 9.303336479350101662e-01
1.928502421015516388e+00 9.565410587520070673e-02 1.880804452135793892e-01 4.232041634951153597e-01 6.548857005189930858e-01 8.227010439734916414e-01 9.288791281470787364e-01
1.990712176532146049e+00 9.390882743900516583e-02 1.847039407998526950e-01 4.164674914739193712e-01 6.477161736420938842e-01 8.182883025685567802e-01 9.270308303276630912e-01
2.052921932048775489e+00 9.180359512862600047e-02 1.806382701849735817e-01 4.084018276656768420e-01 6.390946581362673129e-01 8.129324260089427767e-01 9.248353061764369443e-01
2.115131687565405372e+00 8.934599963087430652e-02 1.758949289912033476e-01 3.989909816976174861e-01 6.289133780929696549e-01 8.065136599402108475e-01 9.221416817538424793e-01
2.177341443082034811e+00 8.654489839060541811e-02 1.704873276071817156e-01 3.882170111296333048e-01 6.170456114990621188e-01 7.988801187110865509e-01 9.189854427497099465e-01
2.239551198598664250e+00 8.341040352778515687e-02 1.644308986217659363e-01 3.760614331938518240e-01 6.033455802006932878e-01 7.898401878894507622e-01 9.151564394741226183e-01
2.301760954115293689e+00 7.995386742243314193e-02 1.577432140034211727e-01 3.625066096180925013e-01 5.876488829401644853e-01 7.791520876635953385e-01 9.106695132522267810e-01
2.363970709631923572e+00 7.618786520915230009e-02 1.504441066674715444e-01 3.475373060466646624e-01 5.697737596853960085e-01 7.665114149481799810e-01 9.052099891900255990e-01
2.426180465148553012e+00 7.212617337681943852e-02 1.425557906298270117e-01 3.311424203079409989e-01 5.495235199321035768e-01 7.515351098470559599e-01 8.987482416798948659e-01
2.488390220665182451e+00 6.778374365204165031e-02 1.341029736044418719e-01 3.133168640292435247e-01 5.266904953643830600e-01 7.337436128201054730e-01 8.907699795791440556e-01
2.550599976181812334e+00 6.317667135877426399e-02 1.251129556835471612e-01 2.940635700376295625e-01 5.010618753409268322e-01 7.125407909412577734e-01 8.811396627551570937e-01
2.612809731698441773e+00 5.832215749151274664e-02 1.156157076686739477e-01 2.733955839505289309e-01 4.724277392558151045e-01 6.871964076791982068e-01 8.689218843566559602e-01
2.675019487215071212e+00 5.323846381600013528e-02 1.056439227222050053e-01 2.513381828908320959e-01 4.405915029724666310e-01 6.568343170830511779e-01 8.537028356347911018e-01
2.737229242731700651e+00 4.794486041812989763e-02 9.523303530858487354e-02 2.279309481061805587e-01 4.053828432495238943e-01 6.204366170737960484e-01 8.335505754457124272e-01
2.799438998248330535e+00 4.246156525697748069e-02 8.442120191324412048e-02 2.032297023935325797e-01 3.666729580211640083e-01 5.768710870893282161e-01 8.072480966325047413e-01
2.861648753764959974e+00 3.680967543866661001e-02 7.324923878166074431e-02 1.773082087966278975e-01 3.243917719661673638e-01 5.249543473914090042e-01 7.703117970311689211e-01
2.923858509281589413e+00 3.101109011004414551e-02 6.176051291778529573e-02 1.502595154327030225e-01 2.785464193878112171e-01 4.635541694489602738e-01 7.192866584080419567e-01
2.986068264798219296e+00 2.508842507002935832e-02 5.000078381595418620e-02 1.221968241103158215e-01 2.292400407239903459e-01 3.917345789349485075e-01 6.443059313031862523e-01
3.048278020314848735e+00 1.906491940599642360e-02 3.801799485435526649e-02 9.325375944337460643e-02 1.766896166758849807e-01 3.089349773970246349e-01 5.386871607473455725e-01
3.110487775831478174e+00 1.296433467607432596e-02 2.586201491654622001e-02 6.358392246710128926e-02 1.212412238199811892e-01 2.151773000550376014e-01 3.895252019366909346e-01
3.172697531348107614e+00 6.810847368380775618e-03 1.358433257853843695e-02 3.335963042525574851e-02 6.338071103763175118e-02 1.112876970111437158e-01 1.943605656210624644e-01
3.234907286864737497e+00 6.289355673739351147e-04 1.237707033865106249e-03 2.769774368557303187e-03 3.737367409343080385e-03 -8.756862893273834264e-04 -4.803243256137784689e-02
3.297117042381366936e+00 -5.556739061977700525e-03 -1.112421825536739212e-02 -2.798323014529508629e-02 -5.692227274882363797e-02 -1.182158478994395079e-01 -3.165127477112060217e-01
3.359326797897996375e+00 -1.172145270704794823e-02 -2.344733149190338789e-02 -5.868736639771734986e-02 -1.177136167884692275e-01 -2.362713466058927181e-01 -5.693441939741598068e-01
3.421536553414625814e+00 -1.784054287050965831e-02 -3.567748888468903756e-02 -8.912571118854661911e-02 -1.776691169485477562e-01 -3.493354325163414154e-01 -7.279800916291471191e-01
3.483746308931255697e+00 -2.388953239312281013e-02 -4.776096104844014534e-02 -1.190817201936202191e-01 -2.357909700728029745e-01 -4.511310663910063079e-01 -7.930804932199780888e-01
3.545956064447885137e+00 -2.984425252534177175e-02 -5.964487834265499305e-02 -1.483448447797018344e-01 -2.911201389319975075e-01 -5.363837139557520173e-01 -8.266997426223068324e-01
3.608165819964514576e+00 -3.568096354126025493e-02 -7.127766373845015324e-02 -1.767161526979596775e-01 -3.428153955062313019e-01 -6.029399685156258126e-01 -8.497100978114744407e-01
3.670375575481144459e+00 -4.137647143886979267e-02 -8.260944203186144918e-02 -2.040135802238747242e-01 -3.902297700449146034e-01 -6.526655259981828383e-01 -8.666099384664598393e-01
3.732585330997773898e+00 -4.690823936578782105e-02 -9.359241498886337884e-02 -2.300764353496053960e-01 -4.329669238925339947e-01 -6.897392174164505008e-01 -8.795521885115911154e-01
3.794795086514403337e+00 -5.225449254614119438e-02 -1.041811932876214042e-01 -2.547688103562031903e-01 -4.709007818697114600e-01 -7.181101544525072544e-01 -8.897756112046899535e-01
3.857004842031032776e+00 -5.739431565713280781e-02 -1.143330778564521644e-01 -2.779816496821076455e-01 -5.041510192056167794e-01 -7.404643713873102495e-01 -8.979891146686391767e-01
3.919214597547662660e+00 -6.230774180610509916e-02 -1.240082852958511728e-01 -2.996333472587895952e-01 -5.330220146847968188e-01 -7.584649429388736763e-01 -9.047145564900956893e-01
3.981424353064292099e+00 -6.697583248251336163e-02 -1.331701143963367195e-01 -3.196688977603266424e-01 -5.579253648703450530e-01 -7.731776973459245639e-01 -9.102600667803941725e-01
4.043634108580921982e+00 -7.138074809528306697e-02 -1.417850531794669633e-01 -3.380577728399010162e-01 -5.793083165807343393e-01 -7.853259399587980694e-01 -9.148851363927935632e-01
4.105843864097550977e+00 -7.550580894494179907e-02 -1.498228282509697917e-01 -3.547908100745646442e-01 -5.976023904718608115e-01 -7.954214089432981583e-01 -9.187461134890583248e-01
4.168053619614180860e+00 -7.933554671251202839e-02 -1.572564004243764690e-01 -3.698764694047504964e-01 -6.131949888388660286e-01 -8.038363625223511333e-01 -9.219845879596586524e-01
4.230263375130810743e+00 -8.285574676454299237e-02 -1.640619124332289014e-01 -3.833368219904118579e-01 -6.264189210852635359e-01 -8.108471955824654298e-01 -9.246883929167074578e-01
4.292473130647439739e+00 -8.605348176804339388e-02 -1.702185960122100938e-01 -3.952035958395260229e-01 -6.375525796370863363e-01 -8.166620799035896328e-01 -9.269383886139265227e-01
4.354682886164069622e+00 -8.891713727398539713e-02 -1.757086466405501646e-01 -4.055145277460666109e-01 -6.468249349359981304e-01 -8.214393366093112325e-01 -9.287875256124663581e-01
4.416892641680698617e+00 -9.143643005835898341e-02 -1.805170747901274353e-01 -4.143101824465417748e-01 -6.544218909941877937e-01 -8.252997251741266416e-01 -9.302817244023595666e-01
4.479102397197328500e+00 -9.360242010247608879e-02 -1.846315426251880498e-01 -4.216313156897171788e-01 -6.604923826319120117e-01 -8.283350834767870818e-01 -9.314543885291426406e-01
4.541312152713958383e+00 -9.540751714759919400e-02 -1.880421948080474859e-01 -4.275167901950023830e-01 -6.651536291649711163e-01 -8.306142028596924520e-01 -9.323290211383932213e-01
4.603521908230587378e+00 -9.684548277317572840e-02 -1.907414914422276009e-01 -4.320020072680185175e-01 -6.684954252446997369e-01 -8.321870564350853927e-01 -9.329270013189108202e-01
4.665731663747217262e+00 -9.791142892474982706e-02 -1.927240503082608414e-01 -4.351177914579651418e-01 -6.705835238010207089e-01 -8.330875805798951816e-01 -9.332555191727914812e-01
4.727941419263847145e+00 -9.860181375977813967e-02 -1.939865044963706986e-01 -4.368896570286056602e-01 -6.714622172716618875e-01 -8.333356411796168928e-01 -9.333276652469173484e-01
4.790151174780476140e+00 -9.891443559115667417e-02 -1.945273803871602758e-01 -4.373373879720171553e-01 -6.711562287513320735e-01 -8.329380791085707614e-01 -9.331367812251603056e-01
4.852360930297106023e+00 -9.884842559396569972e-02 -1.943469997385522952e-01 -4.364748729830537632e-01 -6.696720147870778295e-01 -8.318892512987883237e-01 -9.326892672413001906e-01
4.914570685813735906e+00 -9.840423980611893995e-02 -1.934474084530616589e-01 -4.343101494829035847e-01 -6.669985683530348375e-01 -8.301708333078396951e-01 -9.319644867926137888e-01
4.976780441330364901e+00 -9.758365080366095123e-02 -1.918323334586976570e-01 -4.308456239071201677e-01 -6.631077996457002133e-01 -8.277511892957610806e-01 -9.309621972603130402e-01
5.038990196846994785e+00 -9.638973927218237592e-02 -1.895071680607279541e-01 -4.260784475655834402e-01 -6.579545667425669153e-01 -8.245839690712909453e-01 -9.296451040467206273e-01
5.101199952363624668e+00 -9.482688553268353582e-02 -1.864789851209125437e-01 -4.200010376755217711e-01 -6.514764295843222808e-01 -8.206061496658814125e-01 -9.280047607317322145e-01
5.163409707880253663e+00 -9.290076091859236773e-02 -1.827565764981418650e-01 -4.126017413374477583e-01 -6.435932103001695825e-01 -8.157350670829821571e-01 -9.259810965406465311e-01
5.225619463396883546e+00 -9.061831874553538668e-02 -1.783505163375067593e-01 -4.038656461565340305e-01 -6.342064614520264154e-01 -8.098645672489201974e-01 -9.235535373289561756e-01
5.287829218913512541e+00 -8.798778447175202577e-02 -1.732732450196554641e-01 -3.937755448708380457e-01 -6.231989718933502731e-01 -8.028596683395553546e-01 -9.206273405938057985e-01
5.350038974430142424e+00 -8.501864451873639150e-02 -1.675391698752590197e-01 -3.823130626944629684e-01 -6.104344775241192789e-01 -7.945497578465068322e-01 -9.171615162075161809e-01
5.412248729946772308e+00 -8.172163311306056277e-02 -1.611647781300900306e-01 -3.694599550548138822e-01 -5.957577898817986162e-01 -7.847195399134654359e-01 -9.130035998258156926e-01
5.474458485463401303e+00 -7.810871642444802698e-02 -1.541687569779641998e-01 -3.551995799202837256e-01 -5.789956057657270616e-01 -7.730977253457234077e-01 -9.080746515471395108e-01
5.536668240980031186e+00 -7.419307321520118848e-02 -1.465721151903642827e-01 -3.395185429156012957e-01 -5.599583096991269660e-01 -7.593426905964631990e-01 -9.021175330053017305e-01
5.598877996496661069e+00 -6.998907118431493823e-02 -1.383983002766701609e-01 -3.224085049032362482e-01 -5.384431186304000638e-01 -7.430255666628020617e-01 -8.949760222455344083e-01
5.661087752013290064e+00 -6.551223818789340958e-02 -1.296733049263058823e-01 -3.038681307726313618e-01 -5.142389328395972070e-01 -7.236109224512781157e-01 -8.861846956894170457e-01
5.723297507529919947e+00 -6.077922754681441830e-02 -1.204257563163620703e-01 -2.839051450763604989e-01 -4.871332353478161070e-01 -7.004375915844286427e-01 -8.754135296327375526e-01
5.785507263046549831e+00 -5.580777671347903618e-02 -1.106869818803603855e-01 -2.625384453200247381e-01 -4.569213124265719683e-01 -6.727030440316527082e-01 -8.617357909860298149e-01
5.847717018563178826e+00 -5.061665866118755103e-02 -1.004910453314340063e-01 -2.398002077935572351e-01 -4.234179427747826741e-01 -6.394585591553273440e-01 -8.443837575356979430e-01
5.909926774079808709e+00 -4.522562548114983372e-02 -8.987474713988599651e-02 -2.157379046815881551e-01 -3.864715223276643519e-01 -5.996235800624245549e-01 -8.212855597431996113e-01
5.972136529596438592e+00 -3.965534382038882893e-02 -7.887758430027246026e-02 -1.904161358754452027e-01 -3.459803628148435117e-01 -5.520300938638476040e-01 -7.904583625626099286e-01
6.034346285113067587e+00 -3.392732196603631678e-02 -6.754166509849389433e-02 -1.639181657016104965e-01 -3.019106376137995484e-01 -4.955047262765883143e-01 -7.468653382831139664e-01
6.096556040629697470e+00 -2.806382857269806505e-02 -5.591157570664687798e-02 -1.363470451651069004e-01 -2.543151609672505420e-01 -4.289929656162211336e-01 -6.854796690828064420e-01
6.158765796146326466e+00 -2.208780323455807396e-02 -4.403419678109009305e-02 -1.078261959892268390e-01 -2.033518832008545663e-01 -3.517220989987386304e-01 -5.958600473559858557e-01
6.220975551662956349e+00 -1.602275931631155087e-02 -3.195846979081962136e-02 -7.849933564310421219e-02 -1.493006604546766036e-01 -2.633958026847950662e-01 -4.701231888975525575e-01
